[{"children":{"-sas-assets-f997b70e-N1a4cc21N83e3ec00":{"properties":{"transform":[1,0,9.999999974752427e-7,0,0,1,0,0,0,0,1,0,1,0,-0.2499990016222,1]},"name":"-sas-assets-f997b70e-N1a4cc21N83e3ec00"},"-sas-assets-f997b70e-N1a4cc21N8c4837dd":{"properties":{"transform":[0.08618500083684921,-0.022557999938726425,0.9960219860076904,0,0.0010019999463111162,-0.9997419714927673,-0.02273000031709671,0,0.9962769746780396,0.002956999931484461,-0.08614099770784378,0,1,0,1.5,1],"worldTransform":[0.10686450451612473,0.010005369782447815,0.9932156801223755,0,-0.522942841053009,-0.8487240076065063,0.0648145079612732,0,0.844458281993866,-0.5268478989601135,-0.0855526328086853,0,14.668378829956055,48.08708190917969,21.993179321289062,1]},"name":"-sas-assets-f997b70e-N1a4cc21N8c4837dd"},"-sas-assets-f997b70e-N1a4cc21N8cf5a8e2":{"properties":{"transform":[1,0,0,0,0,1,0,0,-9.999999974752427e-7,0,1,0,3,0,-0.75,1],"worldTransform":[0.8500033020973206,-0.5248762965202332,0.00043204185203649104,0,0.5228933691978455,0.8467200398445129,-0.08745672553777695,0,0.045582883059978485,0.07463958114385605,0.9951643943786621,0,16.26582145690918,46.86939239501953,19.75492286682129,1]},"name":"-sas-assets-f997b70e-N1a4cc21N8cf5a8e2"},"-sas-assets-f997b70e-N1a4cc21N958e2662":{"properties":{"transform":[-9.999999974752427e-7,1,-9.999999974752427e-7,0,-1.0000009536743164,-9.999999974752427e-7,-9.999999974752427e-7,0,-9.999999974752427e-7,0,1,0,0.5,0,-0.5,1]},"name":"-sas-assets-f997b70e-N1a4cc21N958e2662"},"N1a837a60":{"extends":"http://vwf.example.com/node.vwf","properties":{"transform":[1,0,9.99999997475243e-7,0,0,1,0,0,0,0,1,0,1,0,-0.2499990016222,1]},"random":{"c":1,"s0":0.422185620060191,"s1":0.318802046356723,"s2":0.0734265905339271},"sequence":0,"name":"N1a837a60"},"N1b0a7d84":{"extends":"http://vwf.example.com/node.vwf","properties":{"transform":[1,0,0,0,0,1,0,0,-9.99999997475243e-7,0,1,0,3,0,-0.75,1],"worldTransform":[0.850003302097321,-0.524876296520233,0.000432041852036491,0,0.522893369197845,0.846720039844513,-0.0874567255377769,0,0.0455828830599785,0.074639581143856,0.995164394378662,0,25.0158214569092,59.6193923950195,19.7549228668213,1]},"random":{"c":1,"s0":0.725837171310559,"s1":0.193269049283117,"s2":0.771656773518771},"sequence":0,"name":"N1b0a7d84"},"N3c386fe6":{"extends":"http://vwf.example.com/node.vwf","properties":{"transform":[1,0,0,0,0,1,0,0,-9.99999997475243e-7,0,1,0,3,0,-0.75,1],"worldTransform":[-0.56986391544342,0.820517539978027,-0.00266519002616405,0,-0.813849985599518,-0.565640151500702,-0.125301375985146,0,-0.104423366487026,-0.0693057850003242,0.991107165813446,0,126.368728637695,98.2635345458984,19.7486743927002,1]},"random":{"c":1,"s0":0.644939832389355,"s1":0.65602162014693,"s2":0.589211476966739},"sequence":0,"name":"N3c386fe6"},"N42b7e809":{"extends":"http://vwf.example.com/node.vwf","properties":{"transform":[1,0,0,0,0,1,0,0,-9.99999997475243e-7,0,1,0,3,0,-0.75,1],"worldTransform":[-0.56986391544342,0.820517539978027,-0.00266519002616405,0,-0.813849985599518,-0.565640151500702,-0.125301375985146,0,-0.104423366487026,-0.0693057850003242,0.991107165813446,0,126.368728637695,24.0135307312012,19.7486743927002,1]},"random":{"c":1,"s0":0.200689877849072,"s1":0.995088794501498,"s2":0.285323760937899},"sequence":0,"name":"N42b7e809"},"N46ff63f5":{"extends":"http://vwf.example.com/node.vwf","properties":{"transform":[1,0,9.99999997475243e-7,0,0,1,0,0,0,0,1,0,1,0,-0.2499990016222,1]},"random":{"c":1,"s0":0.263318713754416,"s1":0.419721243204549,"s2":0.793828546768054},"sequence":0,"name":"N46ff63f5"},"N4c7ae08":{"extends":"http://vwf.example.com/node.vwf","properties":{"transform":[-9.99999997475243e-7,1,-9.99999997475243e-7,0,-1.00000095367432,-9.99999997475243e-7,-9.99999997475243e-7,0,-9.99999997475243e-7,0,1,0,0.5,0,-0.5,1]},"random":{"c":1,"s0":0.602500276872888,"s1":0.623635254567489,"s2":0.217987551819533},"sequence":0,"name":"N4c7ae08"},"N4ce8004":{"extends":"http://vwf.example.com/node.vwf","properties":{"transform":[0.0861850008368492,-0.0225579999387264,0.99602198600769,0,0.00100199994631112,-0.999741971492767,-0.0227300003170967,0,0.99627697467804,0.00295699993148446,-0.0861409977078438,0,1,0,1.5,1],"worldTransform":[0.106864504516125,0.0100053697824478,0.993215680122375,0,-0.522942841053009,-0.848724007606506,0.0648145079612732,0,0.844458281993866,-0.526847898960114,-0.0855526328086853,0,23.4183788299561,60.8370819091797,21.9931793212891,1]},"random":{"c":1,"s0":0.733190218918025,"s1":0.84592141630128,"s2":0.254660702077672},"sequence":0,"name":"N4ce8004"},"N64f56a33":{"extends":"http://vwf.example.com/node.vwf","properties":{"transform":[1,0,9.99999997475243e-7,0,0,1,0,0,0,0,1,0,1,0,-0.2499990016222,1]},"random":{"c":1,"s0":0.761127033038065,"s1":0.68339375522919,"s2":0.0806742860004306},"sequence":0,"name":"N64f56a33"},"N69af6b77":{"extends":"http://vwf.example.com/node.vwf","properties":{"transform":[1,0,0,0,0,1,0,0,-9.99999997475243e-7,0,1,0,3,0,-0.75,1],"worldTransform":[0.907533347606659,-0.417319148778915,0.0151299014687538,0,0.416099190711975,0.906751573085785,0.0516140051186085,0,-0.0352947749197483,-0.0405860580503941,0.997551023960114,0,-3.25092959403992,44.5284805297852,19.7972259521484,1]},"random":{"c":1,"s0":0.907390597974882,"s1":0.377685881452635,"s2":0.489691085647792},"sequence":0,"name":"N69af6b77"},"N7a5cf77b":{"extends":"http://vwf.example.com/node.vwf","properties":{"transform":[0.0861850008368492,-0.0225579999387264,0.99602198600769,0,0.00100199994631112,-0.999741971492767,-0.0227300003170967,0,0.99627697467804,0.00295699993148446,-0.0861409977078438,0,1,0,1.5,1]},"random":{"c":1,"s0":0.839950734516606,"s1":0.360055404016748,"s2":0.328113712836057},"sequence":0,"name":"N7a5cf77b"},"N7c7ad9e9":{"extends":"http://vwf.example.com/node.vwf","properties":{"transform":[1,0,0,0,0,1,0,0,-9.99999997475243e-7,0,1,0,3,0,-0.75,1],"worldTransform":[0.907533347606659,-0.417319148778915,0.0151299014687538,0,0.416099190711975,0.906751573085785,0.0516140051186085,0,-0.0352947749197483,-0.0405860580503941,0.997551023960114,0,-12.2509298324585,28.7784824371338,19.7972259521484,1]},"random":{"c":1,"s0":0.679187024943531,"s1":0.875150779262185,"s2":0.0589033314026892},"sequence":0,"name":"N7c7ad9e9"},"N965c62f":{"extends":"http://vwf.example.com/node.vwf","properties":{"transform":[-9.99999997475243e-7,1,-9.99999997475243e-7,0,-1.00000095367432,-9.99999997475243e-7,-9.99999997475243e-7,0,-9.99999997475243e-7,0,1,0,0.5,0,-0.5,1]},"random":{"c":1,"s0":0.586387390270829,"s1":0.982248353073373,"s2":0.862705804407597},"sequence":0,"name":"N965c62f"},"Na34f56a":{"extends":"http://vwf.example.com/node.vwf","properties":{"transform":[0.0861850008368492,-0.0225579999387264,0.99602198600769,0,0.00100199994631112,-0.999741971492767,-0.0227300003170967,0,0.99627697467804,0.00295699993148446,-0.0861409977078438,0,1,0,1.5,1]},"random":{"c":1,"s0":0.134912632871419,"s1":0.631205366225913,"s2":0.0549740889109671},"sequence":0,"name":"Na34f56a"},"Naf55cc30":{"extends":"http://vwf.example.com/node.vwf","properties":{"transform":[1,0,9.99999997475243e-7,0,0,1,0,0,0,0,1,0,1,0,-0.2499990016222,1]},"random":{"c":1,"s0":0.850086203310639,"s1":0.487054637866095,"s2":0.536269838456064},"sequence":0,"name":"Naf55cc30"},"Nafb0bad7":{"extends":"http://vwf.example.com/node.vwf","properties":{"transform":[0.0861850008368492,-0.0225579999387264,0.99602198600769,0,0.00100199994631112,-0.999741971492767,-0.0227300003170967,0,0.99627697467804,0.00295699993148446,-0.0861409977078438,0,1,0,1.5,1],"worldTransform":[0.0336759313941002,-0.0968461781740189,0.993722438812256,0,-0.414280235767365,-0.906013250350952,-0.0742598623037338,0,0.908425211906433,-0.409588038921356,-0.0707038417458534,0,-14.1454076766968,29.521800994873,22.0114555358887,1]},"random":{"c":1,"s0":0.603326217504218,"s1":0.483435918344185,"s2":0.727979785297066},"sequence":0,"name":"Nafb0bad7"},"Ncdce6b5":{"extends":"http://vwf.example.com/node.vwf","properties":{"transform":[-9.99999997475243e-7,1,-9.99999997475243e-7,0,-1.00000095367432,-9.99999997475243e-7,-9.99999997475243e-7,0,-9.99999997475243e-7,0,1,0,0.5,0,-0.5,1]},"random":{"c":1,"s0":0.708000695565715,"s1":0.278099089860916,"s2":0.237379764905199},"sequence":0,"name":"Ncdce6b5"},"Nd435ca56":{"extends":"http://vwf.example.com/node.vwf","properties":{"transform":[0.0861850008368492,-0.0225579999387264,0.99602198600769,0,0.00100199994631112,-0.999741971492767,-0.0227300003170967,0,0.99627697467804,0.00295699993148446,-0.0861409977078438,0,1,0,1.5,1],"worldTransform":[0.0336759313941002,-0.0968461781740189,0.993722438812256,0,-0.414280235767365,-0.906013250350952,-0.0742598623037338,0,0.908425211906433,-0.409588038921356,-0.0707038417458534,0,-5.14540767669678,45.271800994873,22.0114555358887,1]},"random":{"c":1,"s0":0.837517539039254,"s1":0.288367318687961,"s2":0.980435662670061},"sequence":0,"name":"Nd435ca56"},"Ndc8be764":{"extends":"http://vwf.example.com/node.vwf","properties":{"transform":[-9.99999997475243e-7,1,-9.99999997475243e-7,0,-1.00000095367432,-9.99999997475243e-7,-9.99999997475243e-7,0,-9.99999997475243e-7,0,1,0,0.5,0,-0.5,1]},"random":{"c":1,"s0":0.64467746950686,"s1":0.63237816770561,"s2":0.40734236757271},"sequence":0,"name":"Ndc8be764"},"Ne2827b8":{"extends":"http://vwf.example.com/node.vwf","properties":{"transform":[-9.99999997475243e-7,1,-9.99999997475243e-7,0,-1.00000095367432,-9.99999997475243e-7,-9.99999997475243e-7,0,-9.99999997475243e-7,0,1,0,0.5,0,-0.5,1]},"random":{"c":1,"s0":0.143061302602291,"s1":0.281119043705985,"s2":0.810572745744139},"sequence":0,"name":"Ne2827b8"},"Nf8c09260":{"extends":"http://vwf.example.com/node.vwf","properties":{"transform":[1,0,9.99999997475243e-7,0,0,1,0,0,0,0,1,0,1,0,-0.2499990016222,1]},"random":{"c":1,"s0":0.180647411383688,"s1":0.15886071161367,"s2":0.554779215250164},"sequence":0,"name":"Nf8c09260"}},"continues":"/sas/assets/f997b70e","properties":{"DisplayName":"Object7","___physics_angular_velocity":[-0.0117791566136347,-0.118751233606531,0.0000605524842555405],"___physics_linear_velocity":[-0.0109974034924646,1.2011750112615,-0.00402895465894212],"___physics_velocity_angular":[-0.023126179352402687,0.054317012429237366,-0.001513756811618805],"___physics_velocity_linear":[-2.0971968173980713,5.783531188964844,-0.0004477206675801426],"counter":22810,"currentState":{"name":"fire_rocket","properties":{},"transitionFunction":"fire_rocketTransition","transitions":["approaching","fire_rocket","moving_away","idle","colliding","defeated"],"updateFunction":"fire_rocketUpdate"},"facLeaderMovementCandidate":[[73.3749776184559,204.862954735756,19.3050428386778]],"facPeerMovementCandidate":[[72.4974594116211,161.419464111328,20.6694812774658],"-sas-assets-f997b70e-Nb40e3a80",[0.637965023517609,0.768752753734589,-0.00456913840025663]],"missileDef":{"continues":"/sas/assets/73e8a4a3","properties":{"fired":true,"transform":[-0.167361155152321,0.134911715984344,0.975595533847809,0,-0.430305033922195,0.880118906497955,-0.195527493953705,0,-0.885904133319855,-0.452980160713196,-0.0893346890807152,0,-81.9653244018555,-12.5582981109619,22.1051464080811,1]}},"rockets":4,"smokeDef":{"continues":"/sas/assets/aeb3d1dd","properties":{"targetEntity":"-sas-assets-73e8a4a3-N9c1d2952","transform":[1,0,0,0,0,1,0,0,0,0,1,0,0,0,0,1]}},"tickCount":287,"transform":[0.8500033020973206,-0.5248762965202332,0.00043204185203649104,0,0.5228933691978455,0.8467200398445129,-0.08745672553777695,0,0.045583732426166534,0.07463905960321426,0.9951643943786621,0,13.75,48.5,20.5,1],"worldTransform":[0.8500033020973206,-0.5248762965202332,0.00043204185203649104,0,0.5228933691978455,0.8467200398445129,-0.08745672553777695,0,0.045583732426166534,0.07463905960321426,0.9951643943786621,0,13.75,48.5,20.5,1]},"name":"N1a4cc21"},{"children":{"N4febacb":{"extends":"Seek.vwf","properties":{"DisplayName":"seek1","Offset":[8,0,2],"Target":"-sas-assets-f997b70e-N3338608b","owner":"ADLteam","strength":0.3,"type":"behavior"},"random":{"c":1,"s0":0.127052,"s1":0.514706,"s2":0.823928},"sequence":0,"name":"N4febacb"}},"extends":"SandboxCamera.vwf","methods":{"tick":{"body":"         var node = this.Scene.findNodeByID(this.objectToLookAt);\n    var pos = [0, 0, 0];\n    if (node)\n        pos = node.transformAPI.localToGlobal([0, 0, 0]);\n    var offset = this.offset;\n    offset = MATH.scaleVec3(offset, this.zoom);\n\n    this.transformAPI.lookat(pos, '', '-Y', 'Z');         ","parameters":[]}},"properties":{"DisplayName":"LookatCamera","EditorData":{"Target":{"displayname":"Target","property":"objectToLookAt","type":"nodeid"}},"___sourceAssetTimestamp":"Thu Oct 01 2015 11:41:23 GMT-0400 (Eastern Daylight Time)","last_x":0,"last_y":0,"mousedown":0,"objectToLookAt":"-sas-assets-f997b70e-N3338608b","offset":[1,0,0],"owner":"ADLteam","quaternion":[-0.168121,0.013128,-0.076735,0.982687],"rotation":[-0.907434,0.070859,-0.414178,21.353824],"scale":[1,0.998998,0.999],"sourceAssetId":"48168dbd","transform":[-0.8957065343856812,0.44464632868766785,0,0,-0.44393467903137207,-0.8942729830741882,-0.03470010682940483,0,-0.015429168939590454,-0.031080899760127068,0.998393177986145,0,288.7350158691406,581.6349487304688,22.56894302368164,1],"translation":[-4.978086,-9.806168,1.459538],"worldTransform":[-0.8957065343856812,0.44464632868766785,0,0,-0.44393467903137207,-0.8942729830741882,-0.03470010682940483,0,-0.015429168939590454,-0.031080899760127068,0.998393177986145,0,288.7350158691406,581.6349487304688,22.56894302368164,1],"zoom":1},"random":{"c":1,"s0":0.762165,"s1":0.779216,"s2":0.235236},"sequence":0,"source":"vwf/model/threejs/camera.js","type":"subDriver/threejs","name":"N23797a52"},{"children":{"-sas-assets-f997b70e-N28be8a91N83e3ec00":{"properties":{"transform":[1,0,9.999999974752427e-7,0,0,1,0,0,0,0,1,0,1,0,-0.2499990016222,1]},"name":"-sas-assets-f997b70e-N28be8a91N83e3ec00"},"-sas-assets-f997b70e-N28be8a91N8c4837dd":{"properties":{"transform":[0.08618500083684921,-0.022557999938726425,0.9960219860076904,0,0.0010019999463111162,-0.9997419714927673,-0.02273000031709671,0,0.9962769746780396,0.002956999931484461,-0.08614099770784378,0,1,0,1.5,1],"worldTransform":[-0.11644905805587769,0.05501051992177963,0.9906619191169739,0,0.9334778189659119,0.3441077172756195,0.09061823040246964,0,-0.3362453579902649,0.9362488985061646,-0.0915144607424736,0,120.99354553222656,-42.36266326904297,21.98311996459961,1]},"name":"-sas-assets-f997b70e-N28be8a91N8c4837dd"},"-sas-assets-f997b70e-N28be8a91N8cf5a8e2":{"properties":{"transform":[1,0,0,0,0,1,0,0,-9.999999974752427e-7,0,1,0,3,0,-0.75,1],"worldTransform":[-0.34409549832344055,0.9378522038459778,-0.005701860878616571,0,-0.9316027164459229,-0.3424908518791199,-0.11321377009153366,0,-0.10823851078748703,-0.03367909416556358,0.9925478100776672,0,120.54888916015625,-40.41118621826172,19.738483428955078,1]},"name":"-sas-assets-f997b70e-N28be8a91N8cf5a8e2"},"-sas-assets-f997b70e-N28be8a91N958e2662":{"properties":{"transform":[-9.999999974752427e-7,1,-9.999999974752427e-7,0,-1.0000009536743164,-9.999999974752427e-7,-9.999999974752427e-7,0,-9.999999974752427e-7,0,1,0,0.5,0,-0.5,1]},"name":"-sas-assets-f997b70e-N28be8a91N958e2662"},"N15ea9eeb":{"extends":"http://vwf.example.com/node.vwf","properties":{"transform":[-9.99999997475243e-7,1,-9.99999997475243e-7,0,-1.00000095367432,-9.99999997475243e-7,-9.99999997475243e-7,0,-9.99999997475243e-7,0,1,0,0.5,0,-0.5,1]},"random":{"c":1,"s0":0.45835965545848,"s1":0.402124583721161,"s2":0.0268500344827771},"sequence":0,"name":"N15ea9eeb"},"N1c38a4ed":{"extends":"http://vwf.example.com/node.vwf","properties":{"transform":[0.0861850008368492,-0.0225579999387264,0.99602198600769,0,0.00100199994631112,-0.999741971492767,-0.0227300003170967,0,0.99627697467804,0.00295699993148446,-0.0861409977078438,0,1,0,1.5,1]},"random":{"c":1,"s0":0.134912632871419,"s1":0.631205366225913,"s2":0.0549740889109671},"sequence":0,"name":"N1c38a4ed"},"N5ddf5cc8":{"extends":"http://vwf.example.com/node.vwf","properties":{"transform":[1,0,9.99999997475243e-7,0,0,1,0,0,0,0,1,0,1,0,-0.2499990016222,1]},"random":{"c":1,"s0":0.850086203310639,"s1":0.487054637866095,"s2":0.536269838456064},"sequence":0,"name":"N5ddf5cc8"},"N5e064c10":{"extends":"http://vwf.example.com/node.vwf","properties":{"transform":[-9.99999997475243e-7,1,-9.99999997475243e-7,0,-1.00000095367432,-9.99999997475243e-7,-9.99999997475243e-7,0,-9.99999997475243e-7,0,1,0,0.5,0,-0.5,1]},"random":{"c":1,"s0":0.586387390270829,"s1":0.982248353073373,"s2":0.862705804407597},"sequence":0,"name":"N5e064c10"},"N8e15cce6":{"extends":"http://vwf.example.com/node.vwf","properties":{"transform":[1,0,0,0,0,1,0,0,-9.99999997475243e-7,0,1,0,3,0,-0.75,1],"worldTransform":[-0.56986391544342,0.820517539978027,-0.00266519002616405,0,-0.813849985599518,-0.565640151500702,-0.125301375985146,0,-0.104423366487026,-0.0693057850003242,0.991107165813446,0,126.368728637695,-67.4864654541016,19.7486743927002,1]},"random":{"c":1,"s0":0.212701503653079,"s1":0.0957281996961683,"s2":0.99280748819001},"sequence":0,"name":"N8e15cce6"},"N9101c026":{"extends":"http://vwf.example.com/node.vwf","properties":{"transform":[1,0,0,0,0,1,0,0,-9.99999997475243e-7,0,1,0,3,0,-0.75,1],"worldTransform":[-0.56986391544342,0.820517539978027,-0.00266519002616405,0,-0.813849985599518,-0.565640151500702,-0.125301375985146,0,-0.104423366487026,-0.0693057850003242,0.991107165813446,0,126.368728637695,98.2635345458984,19.7486743927002,1]},"random":{"c":1,"s0":0.644939832389355,"s1":0.65602162014693,"s2":0.589211476966739},"sequence":0,"name":"N9101c026"},"N9e872b95":{"extends":"http://vwf.example.com/node.vwf","properties":{"transform":[0.0861850008368492,-0.0225579999387264,0.99602198600769,0,0.00100199994631112,-0.999741971492767,-0.0227300003170967,0,0.99627697467804,0.00295699993148446,-0.0861409977078438,0,1,0,1.5,1]},"random":{"c":1,"s0":0.839950734516606,"s1":0.360055404016748,"s2":0.328113712836057},"sequence":0,"name":"N9e872b95"},"Na3a3ee07":{"extends":"http://vwf.example.com/node.vwf","properties":{"transform":[1,0,0,0,0,1,0,0,-9.99999997475243e-7,0,1,0,3,0,-0.75,1],"worldTransform":[-0.56986391544342,0.820517539978027,-0.00266519002616405,0,-0.813849985599518,-0.565640151500702,-0.125301375985146,0,-0.104423366487026,-0.0693057850003242,0.991107165813446,0,126.368728637695,24.0135307312012,19.7486743927002,1]},"random":{"c":1,"s0":0.200689877849072,"s1":0.995088794501498,"s2":0.285323760937899},"sequence":0,"name":"Na3a3ee07"},"Na7c38150":{"extends":"http://vwf.example.com/node.vwf","properties":{"transform":[1,0,9.99999997475243e-7,0,0,1,0,0,0,0,1,0,1,0,-0.2499990016222,1]},"random":{"c":1,"s0":0.761127033038065,"s1":0.68339375522919,"s2":0.0806742860004306},"sequence":0,"name":"Na7c38150"},"Nb3992f1d":{"extends":"http://vwf.example.com/node.vwf","properties":{"transform":[-9.99999997475243e-7,1,-9.99999997475243e-7,0,-1.00000095367432,-9.99999997475243e-7,-9.99999997475243e-7,0,-9.99999997475243e-7,0,1,0,0.5,0,-0.5,1]},"random":{"c":1,"s0":0.602500276872888,"s1":0.623635254567489,"s2":0.217987551819533},"sequence":0,"name":"Nb3992f1d"},"Nbc756d2":{"extends":"http://vwf.example.com/node.vwf","properties":{"transform":[0.0861850008368492,-0.0225579999387264,0.99602198600769,0,0.00100199994631112,-0.999741971492767,-0.0227300003170967,0,0.99627697467804,0.00295699993148446,-0.0861409977078438,0,1,0,1.5,1]},"random":{"c":1,"s0":0.101390314521268,"s1":0.225844403496012,"s2":0.987079842947423},"sequence":0,"name":"Nbc756d2"},"Nc92e34e2":{"extends":"http://vwf.example.com/node.vwf","properties":{"transform":[1,0,9.99999997475243e-7,0,0,1,0,0,0,0,1,0,1,0,-0.2499990016222,1]},"random":{"c":1,"s0":0.675229518907145,"s1":0.564176387852058,"s2":0.815584152936935},"sequence":0,"name":"Nc92e34e2"}},"continues":"/sas/assets/f997b70e","properties":{"DisplayName":"Object3","___physics_angular_velocity":[-0.0134505094661643,-0.111973713656222,0.000659768603714196],"___physics_linear_velocity":[0.00100037092300753,1.18070367311535,-0.00244766235274144],"___physics_velocity_angular":[-0.17165112495422363,0.2743130624294281,-0.018370769917964935],"___physics_velocity_linear":[-4.406773090362549,10.58222484588623,-0.0093310521915555],"counter":22810,"currentState":{"name":"fire_rocket","properties":{},"transitionFunction":"fire_rocketTransition","transitions":["approaching","fire_rocket","moving_away","idle","colliding","defeated"],"updateFunction":"fire_rocketUpdate"},"facLeaderMovementCandidate":[[73.3749776184559,204.862954735756,19.3050428386778]],"facPeerMovementCandidate":[[133.303451538086,-0.546337246894836,20.673999786377],"-sas-assets-f997b70e-N2b49a760",[0.658584177494049,0.751125752925873,-0.00883184466511011]],"missileDef":{"continues":"/sas/assets/73e8a4a3","properties":{"fired":true,"transform":[-0.08226328343153,0.049962256103754,0.994351089000702,0,0.756651282310486,0.651605725288391,0.0298565421253443,0,-0.647079765796661,0.755588173866272,-0.0914995670318604,0,-23.0771598815918,80.2057876586914,22.1531925201416,1]}},"rockets":4,"smokeDef":{"continues":"/sas/assets/aeb3d1dd","properties":{"targetEntity":"-sas-assets-73e8a4a3-Ne11f7194","transform":[1,0,0,0,0,1,0,0,0,0,1,0,0,0,0,1]}},"tickCount":287,"transform":[-0.34409549832344055,0.9378522038459778,-0.005701860878616571,0,-0.9316027164459229,-0.3424908518791199,-0.11321377009153366,0,-0.10823885351419449,-0.03367815539240837,0.9925478100776672,0,121.5,-43.25,20.5,1],"worldTransform":[-0.34409549832344055,0.9378522038459778,-0.005701860878616571,0,-0.9316027164459229,-0.3424908518791199,-0.11321377009153366,0,-0.10823885351419449,-0.03367815539240837,0.9925478100776672,0,121.5,-43.25,20.5,1]},"name":"N28be8a91"},{"children":{"-sas-assets-f997b70e-N2907b8bN83e3ec00":{"properties":{"transform":[1,0,9.999999974752427e-7,0,0,1,0,0,0,0,1,0,1,0,-0.2499990016222,1]},"name":"-sas-assets-f997b70e-N2907b8bN83e3ec00"},"-sas-assets-f997b70e-N2907b8bN8c4837dd":{"properties":{"transform":[0.08618500083684921,-0.022557999938726425,0.9960219860076904,0,0.0010019999463111162,-0.9997419714927673,-0.02273000031709671,0,0.9962769746780396,0.002956999931484461,-0.08614099770784378,0,1,0,1.5,1],"worldTransform":[0.0718814879655838,-0.08492220193147659,0.9927833080291748,0,-0.9914127588272095,0.09348240494728088,0.07977765053510666,0,-0.09968239068984985,-0.9909828305244446,-0.07755168527364731,0,30.559965133666992,-47.24654006958008,21.998937606811523,1]},"name":"-sas-assets-f997b70e-N2907b8bN8c4837dd"},"-sas-assets-f997b70e-N2907b8bN8cf5a8e2":{"properties":{"transform":[1,0,0,0,0,1,0,0,-9.999999974752427e-7,0,1,0,3,0,-0.75,1],"worldTransform":[-0.09410987049341202,-0.9945220351219177,0.008380954153835773,0,0.989238977432251,-0.09447270631790161,-0.10238257050514221,0,0.10271630436182022,-0.0013447937089949846,0.9937044382095337,0,30.14063262939453,-49.2325553894043,19.779865264892578,1]},"name":"-sas-assets-f997b70e-N2907b8bN8cf5a8e2"},"-sas-assets-f997b70e-N2907b8bN958e2662":{"properties":{"transform":[-9.999999974752427e-7,1,-9.999999974752427e-7,0,-1.0000009536743164,-9.999999974752427e-7,-9.999999974752427e-7,0,-9.999999974752427e-7,0,1,0,0.5,0,-0.5,1]},"name":"-sas-assets-f997b70e-N2907b8bN958e2662"},"N151cee21":{"extends":"http://vwf.example.com/node.vwf","properties":{"transform":[0.0861850008368492,-0.0225579999387264,0.99602198600769,0,0.00100199994631112,-0.999741971492767,-0.0227300003170967,0,0.99627697467804,0.00295699993148446,-0.0861409977078438,0,1,0,1.5,1]},"random":{"c":1,"s0":0.134912632871419,"s1":0.631205366225913,"s2":0.0549740889109671},"sequence":0,"name":"N151cee21"},"N1bf1610":{"extends":"http://vwf.example.com/node.vwf","properties":{"transform":[-9.99999997475243e-7,1,-9.99999997475243e-7,0,-1.00000095367432,-9.99999997475243e-7,-9.99999997475243e-7,0,-9.99999997475243e-7,0,1,0,0.5,0,-0.5,1]},"random":{"c":1,"s0":0.586387390270829,"s1":0.982248353073373,"s2":0.862705804407597},"sequence":0,"name":"N1bf1610"},"N2156fee8":{"extends":"http://vwf.example.com/node.vwf","properties":{"transform":[1,0,9.99999997475243e-7,0,0,1,0,0,0,0,1,0,1,0,-0.2499990016222,1]},"random":{"c":1,"s0":0.842753224773332,"s1":0.12145871669054,"s2":0.572850850177929},"sequence":0,"name":"N2156fee8"},"N2ca87f0":{"extends":"http://vwf.example.com/node.vwf","properties":{"transform":[-9.99999997475243e-7,1,-9.99999997475243e-7,0,-1.00000095367432,-9.99999997475243e-7,-9.99999997475243e-7,0,-9.99999997475243e-7,0,1,0,0.5,0,-0.5,1]},"random":{"c":1,"s0":0.399580558296293,"s1":0.87998189846985,"s2":0.556036333087832},"sequence":0,"name":"N2ca87f0"},"N5dfc8bcb":{"extends":"http://vwf.example.com/node.vwf","properties":{"transform":[-9.99999997475243e-7,1,-9.99999997475243e-7,0,-1.00000095367432,-9.99999997475243e-7,-9.99999997475243e-7,0,-9.99999997475243e-7,0,1,0,0.5,0,-0.5,1]},"random":{"c":1,"s0":0.602500276872888,"s1":0.623635254567489,"s2":0.217987551819533},"sequence":0,"name":"N5dfc8bcb"},"N6cf36ee4":{"extends":"http://vwf.example.com/node.vwf","properties":{"transform":[1,0,0,0,0,1,0,0,-9.99999997475243e-7,0,1,0,3,0,-0.75,1],"worldTransform":[-0.56986391544342,0.820517539978027,-0.00266519002616405,0,-0.813849985599518,-0.565640151500702,-0.125301375985146,0,-0.104423366487026,-0.0693057850003242,0.991107165813446,0,126.368728637695,24.0135307312012,19.7486743927002,1]},"random":{"c":1,"s0":0.200689877849072,"s1":0.995088794501498,"s2":0.285323760937899},"sequence":0,"name":"N6cf36ee4"},"N9e4bd5e":{"extends":"http://vwf.example.com/node.vwf","properties":{"transform":[1,0,0,0,0,1,0,0,-9.99999997475243e-7,0,1,0,3,0,-0.75,1],"worldTransform":[-0.56986391544342,0.820517539978027,-0.00266519002616405,0,-0.813849985599518,-0.565640151500702,-0.125301375985146,0,-0.104423366487026,-0.0693057850003242,0.991107165813446,0,126.368728637695,98.2635345458984,19.7486743927002,1]},"random":{"c":1,"s0":0.644939832389355,"s1":0.65602162014693,"s2":0.589211476966739},"sequence":0,"name":"N9e4bd5e"},"Nad15437b":{"extends":"http://vwf.example.com/node.vwf","properties":{"transform":[1,0,9.99999997475243e-7,0,0,1,0,0,0,0,1,0,1,0,-0.2499990016222,1]},"random":{"c":1,"s0":0.850086203310639,"s1":0.487054637866095,"s2":0.536269838456064},"sequence":0,"name":"Nad15437b"},"Nbb1aa1ab":{"extends":"http://vwf.example.com/node.vwf","properties":{"transform":[0.0861850008368492,-0.0225579999387264,0.99602198600769,0,0.00100199994631112,-0.999741971492767,-0.0227300003170967,0,0.99627697467804,0.00295699993148446,-0.0861409977078438,0,1,0,1.5,1]},"random":{"c":1,"s0":0.839950734516606,"s1":0.360055404016748,"s2":0.328113712836057},"sequence":0,"name":"Nbb1aa1ab"},"Ncf965b61":{"extends":"http://vwf.example.com/node.vwf","properties":{"transform":[1,0,0,0,0,1,0,0,-9.99999997475243e-7,0,1,0,3,0,-0.75,1],"worldTransform":[-0.56986391544342,0.820517539978027,-0.00266519002616405,0,-0.813849985599518,-0.565640151500702,-0.125301375985146,0,-0.104423366487026,-0.0693057850003242,0.991107165813446,0,126.368728637695,-144.486465454102,19.7486743927002,1]},"random":{"c":1,"s0":0.087860441301018,"s1":0.648298904765397,"s2":0.100692606065422},"sequence":0,"name":"Ncf965b61"},"Nd0787620":{"extends":"http://vwf.example.com/node.vwf","properties":{"transform":[1,0,9.99999997475243e-7,0,0,1,0,0,0,0,1,0,1,0,-0.2499990016222,1]},"random":{"c":1,"s0":0.761127033038065,"s1":0.68339375522919,"s2":0.0806742860004306},"sequence":0,"name":"Nd0787620"},"Ndb863b":{"extends":"http://vwf.example.com/node.vwf","properties":{"transform":[0.0861850008368492,-0.0225579999387264,0.99602198600769,0,0.00100199994631112,-0.999741971492767,-0.0227300003170967,0,0.99627697467804,0.00295699993148446,-0.0861409977078438,0,1,0,1.5,1]},"random":{"c":1,"s0":0.382865647552535,"s1":0.0261162163224071,"s2":0.103169203037396},"sequence":0,"name":"Ndb863b"}},"continues":"/sas/assets/f997b70e","properties":{"DisplayName":"Object4","___physics_angular_velocity":[-0.0110548269525551,-0.106281202823211,0.00342898462704598],"___physics_linear_velocity":[-0.0171622166586966,1.02339504543632,0.000144556227432042],"___physics_velocity_angular":[-0.019091490656137466,-0.02181318774819374,-0.36186453700065613],"___physics_velocity_linear":[1.9094637632369995,5.481167316436768,-0.011619238182902336],"counter":22810,"currentState":{"name":"fire_rocket","properties":{},"transitionFunction":"fire_rocketTransition","transitions":["approaching","fire_rocket","moving_away","idle","colliding","defeated"],"updateFunction":"fire_rocketUpdate"},"facLeaderMovementCandidate":[[73.3749776184559,204.862954735756,19.3050428386778]],"facPeerMovementCandidate":[[-10.1297121047974,-34.7649917602539,20.6736488342285],"-sas-assets-f997b70e-Nb40e3a80",[-0.394923746585846,-0.917594909667969,0.0074702431447804]],"missileDef":{"continues":"/sas/assets/73e8a4a3","properties":{"fired":true,"transform":[-0.0861086249351501,0.0387312956154346,0.994526326656342,0,0.56080150604248,0.826581299304962,0.0163638051599264,0,-0.822244703769684,0.559700191020966,-0.0929901674389839,0,11.3104858398438,-8.56944847106934,22.1532230377197,1]}},"rockets":4,"smokeDef":{"continues":"/sas/assets/aeb3d1dd","properties":{"targetEntity":"-sas-assets-73e8a4a3-N83878d41","transform":[1,0,0,0,0,1,0,0,0,0,1,0,0,0,0,1]}},"tickCount":287,"transform":[-0.09410987049341202,-0.9945220351219177,0.008380954153835773,0,0.989238977432251,-0.09447270631790161,-0.10238257050514221,0,0.10271620750427246,-0.0013457882450893521,0.9937044382095337,0,30.5,-46.25,20.5,1],"worldTransform":[-0.09410987049341202,-0.9945220351219177,0.008380954153835773,0,0.989238977432251,-0.09447270631790161,-0.10238257050514221,0,0.10271620750427246,-0.0013457882450893521,0.9937044382095337,0,30.5,-46.25,20.5,1]},"name":"N2907b8b"},{"children":{"-sas-assets-f997b70e-N2b49a760N83e3ec00":{"properties":{"transform":[1,0,9.999999974752427e-7,0,0,1,0,0,0,0,1,0,1,0,-0.2499990016222,1]},"name":"-sas-assets-f997b70e-N2b49a760N83e3ec00"},"-sas-assets-f997b70e-N2b49a760N8c4837dd":{"properties":{"transform":[0.08618500083684921,-0.022557999938726425,0.9960219860076904,0,0.0010019999463111162,-0.9997419714927673,-0.02273000031709671,0,0.9962769746780396,0.002956999931484461,-0.08614099770784378,0,1,0,1.5,1],"worldTransform":[-0.13461151719093323,0.026994947344064713,0.9895193576812744,0,0.9164564609527588,0.38085415959358215,0.11428115516901016,0,-0.3741513192653656,0.9231575131416321,-0.0760839655995369,0,115.18254089355469,-28.41950225830078,21.99390983581543,1]},"name":"-sas-assets-f997b70e-N2b49a760N8c4837dd"},"-sas-assets-f997b70e-N2b49a760N8cf5a8e2":{"properties":{"transform":[1,0,0,0,0,1,0,0,-9.999999974752427e-7,0,1,0,3,0,-0.75,1],"worldTransform":[-0.38344284892082214,0.9224318265914917,0.009596479125320911,0,-0.9142881631851196,-0.3786344528198242,-0.1367991417646408,0,-0.12267663329839706,-0.061290811747312546,0.9895427823066711,0,114.69168090820312,-26.436737060546875,19.786632537841797,1]},"name":"-sas-assets-f997b70e-N2b49a760N8cf5a8e2"},"-sas-assets-f997b70e-N2b49a760N958e2662":{"properties":{"transform":[-9.999999974752427e-7,1,-9.999999974752427e-7,0,-1.0000009536743164,-9.999999974752427e-7,-9.999999974752427e-7,0,-9.999999974752427e-7,0,1,0,0.5,0,-0.5,1]},"name":"-sas-assets-f997b70e-N2b49a760N958e2662"},"N48f15744":{"extends":"http://vwf.example.com/node.vwf","properties":{"transform":[-9.99999997475243e-7,1,-9.99999997475243e-7,0,-1.00000095367432,-9.99999997475243e-7,-9.99999997475243e-7,0,-9.99999997475243e-7,0,1,0,0.5,0,-0.5,1]},"random":{"c":1,"s0":0.602500276872888,"s1":0.623635254567489,"s2":0.217987551819533},"sequence":0,"name":"N48f15744"},"N6452a114":{"extends":"http://vwf.example.com/node.vwf","properties":{"transform":[1,0,9.99999997475243e-7,0,0,1,0,0,0,0,1,0,1,0,-0.2499990016222,1]},"random":{"c":1,"s0":0.761127033038065,"s1":0.68339375522919,"s2":0.0806742860004306},"sequence":0,"name":"N6452a114"},"N7e045d75":{"extends":"http://vwf.example.com/node.vwf","properties":{"transform":[1,0,0,0,0,1,0,0,-9.99999997475243e-7,0,1,0,3,0,-0.75,1],"worldTransform":[-0.56986391544342,0.820517539978027,-0.00266519002616405,0,-0.813849985599518,-0.565640151500702,-0.125301375985146,0,-0.104423366487026,-0.0693057850003242,0.991107165813446,0,126.368728637695,98.2635345458984,19.7486743927002,1]},"random":{"c":1,"s0":0.644939832389355,"s1":0.65602162014693,"s2":0.589211476966739},"sequence":0,"name":"N7e045d75"},"Nca31735e":{"extends":"http://vwf.example.com/node.vwf","properties":{"transform":[0.0861850008368492,-0.0225579999387264,0.99602198600769,0,0.00100199994631112,-0.999741971492767,-0.0227300003170967,0,0.99627697467804,0.00295699993148446,-0.0861409977078438,0,1,0,1.5,1]},"random":{"c":1,"s0":0.134912632871419,"s1":0.631205366225913,"s2":0.0549740889109671},"sequence":0,"name":"Nca31735e"}},"continues":"/sas/assets/f997b70e","properties":{"DisplayName":"Object1","___physics_angular_velocity":[-0.0124591503727822,-0.119159816535153,-0.00322483013480478],"___physics_linear_velocity":[-0.0106618530473896,0.861656468327976,-0.0031489572842395],"___physics_velocity_angular":[-0.11937204003334045,-0.11210343986749649,-0.13193416595458984],"___physics_velocity_linear":[4.280704021453857,4.023513317108154,0.020273156464099884],"counter":22810,"currentState":{"name":"fire_rocket","properties":{},"transitionFunction":"fire_rocketTransition","transitions":["approaching","fire_rocket","moving_away","idle","colliding","defeated"],"updateFunction":"fire_rocketUpdate"},"facLeaderMovementCandidate":[[73.3749776184559,204.862954735756,19.3050428386778]],"facPeerMovementCandidate":[[72.4974594116211,161.419464111328,20.6694812774658],"-sas-assets-f997b70e-Nb40e3a80",[0.637965023517609,0.768752753734589,-0.00456913840025663]],"missileDef":{"continues":"/sas/assets/73e8a4a3","properties":{"fired":true,"transform":[-0.125991716980934,0.15410690009594,0.978966116905212,0,-0.204126015305519,0.961651980876923,-0.177653163671494,0,-0.969771325588226,-0.22243769466877,-0.0897935777902603,0,88.5604400634766,-2.93535804748535,22.1138954162598,1]}},"rockets":4,"smokeDef":{"continues":"/sas/assets/aeb3d1dd","properties":{"targetEntity":"-sas-assets-73e8a4a3-N582fc990","transform":[1,0,0,0,0,1,0,0,0,0,1,0,0,0,0,1]}},"tickCount":287,"transform":[-0.38344284892082214,0.9224318265914917,0.009596479125320911,0,-0.9142881631851196,-0.3786344528198242,-0.1367991417646408,0,-0.12267701327800751,-0.06128988787531853,0.9895427823066711,0,115.75,-29.25,20.5,1],"worldTransform":[-0.38344284892082214,0.9224318265914917,0.009596479125320911,0,-0.9142881631851196,-0.3786344528198242,-0.1367991417646408,0,-0.12267701327800751,-0.06128988787531853,0.9895427823066711,0,115.75,-29.25,20.5,1]},"name":"N2b49a760"},{"children":{"-sas-assets-f997b70e-N4141dcdN83e3ec00":{"properties":{"transform":[1,0,9.999999974752427e-7,0,0,1,0,0,0,0,1,0,1,0,-0.2499990016222,1]},"name":"-sas-assets-f997b70e-N4141dcdN83e3ec00"},"-sas-assets-f997b70e-N4141dcdN8c4837dd":{"properties":{"transform":[0.08618500083684921,-0.022557999938726425,0.9960219860076904,0,0.0010019999463111162,-0.9997419714927673,-0.02273000031709671,0,0.9962769746780396,0.002956999931484461,-0.08614099770784378,0,1,0,1.5,1],"worldTransform":[0.05412520468235016,-0.08454054594039917,0.9939420819282532,0,-0.9955569505691528,-0.06721030175685883,0.04849546030163765,0,0.06276597827672958,-0.9931431412696838,-0.08789142221212387,0,-133.5771026611328,77.75750732421875,21.99283790588379,1]},"name":"-sas-assets-f997b70e-N4141dcdN8c4837dd"},"-sas-assets-f997b70e-N4141dcdN8cf5a8e2":{"properties":{"transform":[1,0,0,0,0,1,0,0,-9.999999974752427e-7,0,1,0,3,0,-0.75,1],"worldTransform":[0.06619972735643387,-0.9968024492263794,-0.00185180245898664,0,0.9942629933357239,0.06616327911615372,-0.07116521894931793,0,0.07113125920295715,0.002873809775337577,0.9964602589607239,0,-133.60475158691406,75.75743865966797,19.747098922729492,1]},"name":"-sas-assets-f997b70e-N4141dcdN8cf5a8e2"},"-sas-assets-f997b70e-N4141dcdN958e2662":{"properties":{"transform":[-9.999999974752427e-7,1,-9.999999974752427e-7,0,-1.0000009536743164,-9.999999974752427e-7,-9.999999974752427e-7,0,-9.999999974752427e-7,0,1,0,0.5,0,-0.5,1]},"name":"-sas-assets-f997b70e-N4141dcdN958e2662"},"N1d68389c":{"extends":"http://vwf.example.com/node.vwf","properties":{"transform":[1,0,0,0,0,1,0,0,-9.99999997475243e-7,0,1,0,3,0,-0.75,1],"worldTransform":[-0.56986391544342,0.820517539978027,-0.00266519002616405,0,-0.813849985599518,-0.565640151500702,-0.125301375985146,0,-0.104423366487026,-0.0693057850003242,0.991107165813446,0,126.368728637695,98.2635345458984,19.7486743927002,1]},"random":{"c":1,"s0":0.644939832389355,"s1":0.65602162014693,"s2":0.589211476966739},"sequence":0,"name":"N1d68389c"},"N31fe0e5":{"extends":"http://vwf.example.com/node.vwf","properties":{"transform":[0.0861850008368492,-0.0225579999387264,0.99602198600769,0,0.00100199994631112,-0.999741971492767,-0.0227300003170967,0,0.99627697467804,0.00295699993148446,-0.0861409977078438,0,1,0,1.5,1]},"random":{"c":1,"s0":0.134912632871419,"s1":0.631205366225913,"s2":0.0549740889109671},"sequence":0,"name":"N31fe0e5"},"N4fdcaef9":{"extends":"http://vwf.example.com/node.vwf","properties":{"transform":[-9.99999997475243e-7,1,-9.99999997475243e-7,0,-1.00000095367432,-9.99999997475243e-7,-9.99999997475243e-7,0,-9.99999997475243e-7,0,1,0,0.5,0,-0.5,1]},"random":{"c":1,"s0":0.602500276872888,"s1":0.623635254567489,"s2":0.217987551819533},"sequence":0,"name":"N4fdcaef9"},"N5728a2fc":{"extends":"http://vwf.example.com/node.vwf","properties":{"transform":[1,0,9.99999997475243e-7,0,0,1,0,0,0,0,1,0,1,0,-0.2499990016222,1]},"random":{"c":1,"s0":0.850086203310639,"s1":0.487054637866095,"s2":0.536269838456064},"sequence":0,"name":"N5728a2fc"},"N5af689d7":{"extends":"http://vwf.example.com/node.vwf","properties":{"transform":[1,0,9.99999997475243e-7,0,0,1,0,0,0,0,1,0,1,0,-0.2499990016222,1]},"random":{"c":1,"s0":0.761127033038065,"s1":0.68339375522919,"s2":0.0806742860004306},"sequence":0,"name":"N5af689d7"},"N842c533":{"extends":"http://vwf.example.com/node.vwf","properties":{"transform":[0.0861850008368492,-0.0225579999387264,0.99602198600769,0,0.00100199994631112,-0.999741971492767,-0.0227300003170967,0,0.99627697467804,0.00295699993148446,-0.0861409977078438,0,1,0,1.5,1]},"random":{"c":1,"s0":0.839950734516606,"s1":0.360055404016748,"s2":0.328113712836057},"sequence":0,"name":"N842c533"},"Nb02fc472":{"extends":"http://vwf.example.com/node.vwf","properties":{"transform":[1,0,0,0,0,1,0,0,-9.99999997475243e-7,0,1,0,3,0,-0.75,1],"worldTransform":[-0.56986391544342,0.820517539978027,-0.00266519002616405,0,-0.813849985599518,-0.565640151500702,-0.125301375985146,0,-0.104423366487026,-0.0693057850003242,0.991107165813446,0,126.368728637695,24.0135307312012,19.7486743927002,1]},"random":{"c":1,"s0":0.200689877849072,"s1":0.995088794501498,"s2":0.285323760937899},"sequence":0,"name":"Nb02fc472"},"Nc574c5e3":{"extends":"http://vwf.example.com/node.vwf","properties":{"transform":[-9.99999997475243e-7,1,-9.99999997475243e-7,0,-1.00000095367432,-9.99999997475243e-7,-9.99999997475243e-7,0,-9.99999997475243e-7,0,1,0,0.5,0,-0.5,1]},"random":{"c":1,"s0":0.586387390270829,"s1":0.982248353073373,"s2":0.862705804407597},"sequence":0,"name":"Nc574c5e3"}},"continues":"/sas/assets/f997b70e","properties":{"DisplayName":"Object2","___physics_angular_velocity":[-0.0117791566136347,-0.118751233606531,0.0000605524842555405],"___physics_linear_velocity":[-0.0109974034924646,1.2011750112615,-0.00402895465894212],"___physics_velocity_angular":[0.016190042719244957,0.06593980640172958,-0.28454604744911194],"___physics_velocity_linear":[-1.232645869255066,10.087831497192383,-0.017313817515969276],"counter":22810,"currentState":{"name":"fire_rocket","properties":{},"transitionFunction":"fire_rocketTransition","transitions":["approaching","fire_rocket","moving_away","idle","colliding","defeated"],"updateFunction":"fire_rocketUpdate"},"facLeaderMovementCandidate":[[73.3749776184559,204.862954735756,19.3050428386778]],"facPeerMovementCandidate":[[-49.6276931762695,64.9763793945313,20.6725788116455],"-sas-assets-f997b70e-N949df1f2",[-0.66255921125412,0.