[{"children":{"-sas-assets-0c42853d-N324f7728N2c40a716":{"properties":{"counter":-628,"transform":[0.367231965065002,0,0,0,0,0.367231965065002,0,0,0,0,0.367231965065002,0,-55.6202737874152,-214.137006853693,0,1]},"name":"-sas-assets-0c42853d-N324f7728N2c40a716"},"-sas-assets-0c42853d-N324f7728N32ce6c63":{"properties":{"counter":-638,"transform":[0.367231965065002,0,0,0,0,0.367231965065002,0,0,0,0,0.367231965065002,0,-55.881504937081,-208.484986195864,0,1]},"name":"-sas-assets-0c42853d-N324f7728N32ce6c63"},"-sas-assets-0c42853d-N324f7728N3d0e251f":{"properties":{"counter":-624,"transform":[0.367231965065002,0,0,0,0,0.367231965065002,0,0,0,0,0.367231965065002,0,-50.3266463963198,-239.933078547548,0,1]},"name":"-sas-assets-0c42853d-N324f7728N3d0e251f"},"-sas-assets-0c42853d-N324f7728N6dfaddf2":{"properties":{"counter":-634,"transform":[0.367231965065002,0,0,0,0,0.367231965065002,0,0,0,0,0.367231965065002,0,-53.965775209064,-215.566677791969,-3.5527136788005e-15,1]},"name":"-sas-assets-0c42853d-N324f7728N6dfaddf2"},"-sas-assets-0c42853d-N324f7728N7e1e6f1a":{"properties":{"counter":-622,"transform":[0.367231965065002,0,0,0,0,0.367231965065002,0,0,0,0,0.367231965065002,0,-49.4041839919385,-242.102864804023,0,1]},"name":"-sas-assets-0c42853d-N324f7728N7e1e6f1a"},"-sas-assets-0c42853d-N324f7728Na83d3545":{"properties":{"counter":-632,"transform":[0.367231965065002,0,0,0,0,0.367231965065002,0,0,0,0,0.367231965065002,0,-54.9767954632149,-205.027467595893,0,1]},"name":"-sas-assets-0c42853d-N324f7728Na83d3545"},"-sas-assets-0c42853d-N324f7728Nb284ea89":{"properties":{"counter":-636,"transform":[0.367231965065002,0,0,0,0,0.367231965065002,0,0,0,0,0.367231965065002,0,-55.7113586774226,-206.449948407693,0,1]},"name":"-sas-assets-0c42853d-N324f7728Nb284ea89"},"-sas-assets-0c42853d-N324f7728Nc140cbc6":{"properties":{"counter":-618,"transform":[0.367231965065002,0,0,0,0,0.367231965065002,0,0,0,0,0.367231965065002,0,-51.4444923731155,-240.24944592434,0,1]},"name":"-sas-assets-0c42853d-N324f7728Nc140cbc6"},"-sas-assets-0c42853d-N324f7728Ndba04cb7":{"properties":{"counter":-626,"transform":[0.367231965065002,0,0,0,0,0.367231965065002,0,0,0,0,0.367231965065002,0,-54.1295595340199,-213.572177277374,0,1]},"name":"-sas-assets-0c42853d-N324f7728Ndba04cb7"},"-sas-assets-0c42853d-N324f7728Ne83ef6b3":{"properties":{"counter":-616,"transform":[0.367231965065002,0,0,0,0,0.367231965065002,0,0,0,0,0.367231965065002,0,-54.0597579234733,-212.889731139831,0,1]},"name":"-sas-assets-0c42853d-N324f7728Ne83ef6b3"},"-sas-assets-0c42853d-N324f7728Nefef8159":{"properties":{"counter":-630,"transform":[0.367231965065002,0,0,0,0,0.367231965065002,0,0,0,0,0.367231965065002,0,-55.5237733921536,-209.88863051468,0,1]},"name":"-sas-assets-0c42853d-N324f7728Nefef8159"},"-sas-assets-0c42853d-N324f7728Nfbdebf4":{"properties":{"counter":-620,"transform":[0.367231965065002,0,0,0,0,0.367231965065002,0,0,0,0,0.367231965065002,0,-52.700892021346,-223.349131948878,0,1]},"name":"-sas-assets-0c42853d-N324f7728Nfbdebf4"}},"continues":"/sas/assets/0c42853d","properties":{"splashCount":10,"transform":[1,0,0,0,0,1,0,0,0,0,1,0,3692.5,-210.25,20,1]},"name":"N324f7728"},{"children":{"-sas-assets-874eb90b-N37ac1079N5e09f750":{"children":{"-sas-assets-874eb90b-N37ac1079N1912e84c":{"extends":"http://vwf.example.com/node.vwf","properties":{"transform":[-1.00000095367432,0,-9.99999997475243e-7,0,0,0.0871549993753433,0.996194005012512,0,-9.99999997475243e-7,0.996194005012512,-0.0871559977531433,0,24.5,15.5530042648315,5.6660270690918,1]},"random":{"c":1,"s0":0.36824305751361,"s1":0.851717193145305,"s2":0.968808666570112},"sequence":0,"name":"-sas-assets-874eb90b-N37ac1079N1912e84c"},"-sas-assets-874eb90b-N37ac1079N9f8d5c7e":{"extends":"http://vwf.example.com/node.vwf","properties":{"transform":[1,0,0,0,0,-1,0,0,0,0,-1,0,0.00000199999999495049,0.00000499999987368938,0,1]},"random":{"c":1,"s0":0.560532776173204,"s1":0.278027900261804,"s2":0.105622650356963},"sequence":0,"name":"-sas-assets-874eb90b-N37ac1079N9f8d5c7e"}},"extends":"http://vwf.example.com/node.vwf","random":{"c":1,"s0":0.230324645293877,"s1":0.203704233746976,"s2":0.577988279750571},"sequence":0,"name":"-sas-assets-874eb90b-N37ac1079N5e09f750"},"-sas-assets-874eb90b-N37ac1079N7711dbf9":{"children":{"-sas-assets-874eb90b-N37ac1079N726d2e0d":{"properties":{"transform":[1,0,0,0,0,-1,0,0,0,0,-1,0,0.0000019999999949504854,0.000004999999873689376,0,1]},"random":{"s0":0.560532776173204,"s1":0.278027900261804,"s2":0.105622650356963},"name":"-sas-assets-874eb90b-N37ac1079N726d2e0d"},"-sas-assets-874eb90b-N37ac1079Necdbc16e":{"properties":{"transform":[-1.0000009536743164,0,-9.999999974752427e-7,0,0,0.08715499937534332,0.9961940050125122,0,-9.999999974752427e-7,0.9961940050125122,-0.08715599775314331,0,24.5,15.553004264831543,5.666027069091797,1]},"name":"-sas-assets-874eb90b-N37ac1079Necdbc16e"}},"name":"-sas-assets-874eb90b-N37ac1079N7711dbf9"},"N81a0a4b8":{"children":{"-sas-assets-06f4f9c2-N81a0a4b8N95451019":{"children":{"-sas-assets-06f4f9c2-N81a0a4b8Nc63b7c4e":{"children":{"-sas-assets-06f4f9c2-N81a0a4b8N72a9a368":{"properties":{"text":390},"name":"-sas-assets-06f4f9c2-N81a0a4b8N72a9a368"}},"properties":{"transform":[1.2212452212085538e-15,0.9999999403953552,1.9885579405354292e-8,0,9.80333414446477e-9,-1.988558118171113e-8,1,0,1.0000001192092896,-1.0547119792730171e-15,-9.80333503264319e-9,0,0.5000008344650269,0.0000014432965826927102,-2.000000476837158,1]},"name":"-sas-assets-06f4f9c2-N81a0a4b8Nc63b7c4e"},"-sas-assets-06f4f9c2-N81a0a4b8Nf40d8dc8":{"name":"-sas-assets-06f4f9c2-N81a0a4b8Nf40d8dc8"}},"properties":{"transform":[-0.119453564286232,0,0.9928392171859741,0,0,1,0,0,-0.9928392171859741,0,-0.119453564286232,0,-0.0000010473379461473087,-2.374808758531799e-7,0.7499997019767761,1]},"name":"-sas-assets-06f4f9c2-N81a0a4b8N95451019"},"N98bab5a2":{"children":{"N27c93674":{"children":{"N32f091b5":{"extends":"http://vwf.example.com/node.vwf","random":{"c":1,"s0":0.940646110335365,"s1":0.179324543802068,"s2":0.0158111257478595},"sequence":0,"name":"N32f091b5"}},"extends":"http://vwf.example.com/node.vwf","properties":{"transform":[1.22124522120855e-15,0.999999940395355,1.98855794053543e-8,0,9.80333414446477e-9,-1.98855811817111e-8,1,0,1.00000011920929,-1.05471197927302e-15,-9.80333503264319e-9,0,0.500000715255737,1.28899458218257e-7,-1.99999904632568,1]},"random":{"c":1,"s0":0.534229431767017,"s1":0.515130576910451,"s2":0.142486325232312},"sequence":0,"name":"N27c93674"},"N28cad1c7":{"extends":"http://vwf.example.com/node.vwf","properties":{"transform":[1.00000011920929,0,-2.22734253263468e-9,0,0,1,0,0,2.22734253263468e-9,0,1.00000011920929,0,7.3525017185716e-9,0,0.750000059604645,1]},"random":{"c":1,"s0":0.990974715678021,"s1":0.491091434843838,"s2":0.865046749589965},"sequence":0,"name":"N28cad1c7"}},"extends":"http://vwf.example.com/node.vwf","properties":{"transform":[-0.0650753527879715,0,0.997879922389984,0,0,1,0,0,-0.997879922389984,0,-0.0650753527879715,0,7.84721237323538e-7,9.42237988965644e-7,0.750001132488251,1]},"random":{"c":1,"s0":0.657399137737229,"s1":0.593255057232454,"s2":0.946048785466701},"sequence":0,"name":"N98bab5a2"}},"continues":"/sas/assets/06f4f9c2","properties":{"Ammo":390,"controllingCamera":"SandboxCamera-vwf-sas-assets-06f4f9c2-N81a0a4b8Nc63b7c4e","firecounter":1,"lastx":0.613684210526316,"lasty":0.382741975927783,"transform":[-0.043074239045381546,0.998975396156311,-0.01388262864202261,0,-0.9990700483322144,-0.043097008019685745,-0.0013452506391331553,0,-0.0019421721808612347,0.01381177082657814,0.9999027252197266,0,-30.490053176879883,-8.836994171142578,9.390268325805664,1]},"random":{"c":1298283,"s0":0.127215772867203,"s1":0.505325512262061,"s2":0.406035323394462},"name":"N81a0a4b8"},"N8ffd1eec":{"children":{"-sas-assets-61c77daf-N8ffd1eecN15c158c3":{"extends":"http://vwf.example.com/node.vwf","random":{"c":1,"s0":0.856181558920071,"s1":0.201165407430381,"s2":0.452115319902077},"sequence":0,"name":"-sas-assets-61c77daf-N8ffd1eecN15c158c3"},"-sas-assets-61c77daf-N8ffd1eecN24419d25":{"name":"-sas-assets-61c77daf-N8ffd1eecN24419d25"},"-sas-assets-61c77daf-N8ffd1eecN25177663":{"extends":"http://vwf.example.com/node.vwf","random":{"c":1,"s0":0.124746296321973,"s1":0.0675138374790549,"s2":0.0486820412334055},"sequence":0,"name":"-sas-assets-61c77daf-N8ffd1eecN25177663"},"-sas-assets-61c77daf-N8ffd1eecN6be8dbec":{"extends":"http://vwf.example.com/node.vwf","random":{"c":1,"s0":0.754252951359376,"s1":0.582345283124596,"s2":0.629705044673756},"sequence":0,"name":"-sas-assets-61c77daf-N8ffd1eecN6be8dbec"},"-sas-assets-61c77daf-N8ffd1eecN7bc66b7f":{"extends":"http://vwf.example.com/node.vwf","random":{"c":1,"s0":0.781193277798593,"s1":0.827217684593052,"s2":0.657218329142779},"sequence":0,"name":"-sas-assets-61c77daf-N8ffd1eecN7bc66b7f"},"-sas-assets-61c77daf-N8ffd1eecNa138c25e":{"children":{"-sas-assets-61c77daf-N8ffd1eecN8a5ca10c":{"children":{"-sas-assets-61c77daf-N8ffd1eecN587c140e":{"children":{"-sas-assets-61c77daf-N8ffd1eecN1dafb262":{"name":"-sas-assets-61c77daf-N8ffd1eecN1dafb262"},"-sas-assets-61c77daf-N8ffd1eecN2303df4b":{"name":"-sas-assets-61c77daf-N8ffd1eecN2303df4b"},"-sas-assets-61c77daf-N8ffd1eecN2a53749":{"name":"-sas-assets-61c77daf-N8ffd1eecN2a53749"},"-sas-assets-61c77daf-N8ffd1eecN4e75770":{"name":"-sas-assets-61c77daf-N8ffd1eecN4e75770"},"-sas-assets-61c77daf-N8ffd1eecN7710970d":{"name":"-sas-assets-61c77daf-N8ffd1eecN7710970d"},"-sas-assets-61c77daf-N8ffd1eecN7a46df27":{"extends":"http://vwf.example.com/node.vwf","random":{"c":1,"s0":0.992593159433454,"s1":0.548209317494184,"s2":0.797184638213366},"sequence":0,"name":"-sas-assets-61c77daf-N8ffd1eecN7a46df27"},"-sas-assets-61c77daf-N8ffd1eecN7ddb3388":{"name":"-sas-assets-61c77daf-N8ffd1eecN7ddb3388"},"-sas-assets-61c77daf-N8ffd1eecN8ec6b4de":{"extends":"http://vwf.example.com/node.vwf","random":{"c":1,"s0":0.899314938113093,"s1":0.93939143139869,"s2":0.212881868239492},"sequence":0,"name":"-sas-assets-61c77daf-N8ffd1eecN8ec6b4de"},"-sas-assets-61c77daf-N8ffd1eecN92abf93c":{"name":"-sas-assets-61c77daf-N8ffd1eecN92abf93c"},"-sas-assets-61c77daf-N8ffd1eecN96578cf0":{"extends":"http://vwf.example.com/node.vwf","random":{"c":1,"s0":0.21257754904218,"s1":0.91346053685993,"s2":0.0708800156135112},"sequence":0,"name":"-sas-assets-61c77daf-N8ffd1eecN96578cf0"},"-sas-assets-61c77daf-N8ffd1eecNa82188bf":{"name":"-sas-assets-61c77daf-N8ffd1eecNa82188bf"},"-sas-assets-61c77daf-N8ffd1eecNae65caca":{"extends":"http://vwf.example.com/node.vwf","random":{"c":1,"s0":0.102253871737048,"s1":0.441700789611787,"s2":0.140775498235598},"sequence":0,"name":"-sas-assets-61c77daf-N8ffd1eecNae65caca"}},"name":"-sas-assets-61c77daf-N8ffd1eecN587c140e"}},"properties":{"visibleToCamera":"SandboxCamera-vwf-sas-assets-61c77daf-N8ffd1eecNa138c25e"},"name":"-sas-assets-61c77daf-N8ffd1eecN8a5ca10c"}},"name":"-sas-assets-61c77daf-N8ffd1eecNa138c25e"},"-sas-assets-61c77daf-N8ffd1eecNc9f3e5":{"extends":"http://vwf.example.com/node.vwf","random":{"c":1,"s0":0.636212507029995,"s1":0.24726176308468,"s2":0.331856430042535},"sequence":0,"name":"-sas-assets-61c77daf-N8ffd1eecNc9f3e5"},"-sas-assets-61c77daf-N8ffd1eecNdb0e33be":{"extends":"http://vwf.example.com/node.vwf","random":{"c":1,"s0":0.205236300826073,"s1":0.00476535782217979,"s2":0.152346092276275},"sequence":0,"name":"-sas-assets-61c77daf-N8ffd1eecNdb0e33be"},"-sas-assets-61c77daf-N8ffd1eecNfabed235":{"extends":"http://vwf.example.com/node.vwf","random":{"c":1,"s0":0.0983149202074856,"s1":0.169199856929481,"s2":0.736245622392744},"sequence":0,"name":"-sas-assets-61c77daf-N8ffd1eecNfabed235"}},"continues":"/sas/assets/61c77daf","properties":{"transform":[1,8.329987741251266e-12,6.931806691146125e-12,0,1.4648308607756455e-13,1,-3.7293116511571966e-11,0,6.3898105556736695e-12,-1.4528099556709861e-10,1,0,26.766611099243164,-0.3844378888607025,5.8843841552734375,1]},"name":"N8ffd1eec"},"Nc738f691":{"children":{"-sas-assets-895ba941-Nc738f691Na6aa4c68":{"children":{"-sas-assets-895ba941-Nc738f691N1f4dbab1":{"children":{"-sas-assets-895ba941-Nc738f691Nf99c1951":{"children":{"-sas-assets-895ba941-Nc738f691Nb028af85":{"extends":"http://vwf.example.com/node.vwf","properties":{"counter":-45},"random":{"c":1,"s0":0.756760321324691,"s1":0.786752803716809,"s2":0.532349686836824},"sequence":0,"name":"-sas-assets-895ba941-Nc738f691Nb028af85"}},"extends":"http://vwf.example.com/node.vwf","random":{"c":1,"s0":0.595828318502754,"s1":0.0453980197198689,"s2":0.0828992330934852},"sequence":0,"name":"-sas-assets-895ba941-Nc738f691Nf99c1951"}},"extends":"http://vwf.example.com/node.vwf","random":{"c":1,"s0":0.743356371065602,"s1":0.605905685108155,"s2":0.812157508451492},"sequence":0,"name":"-sas-assets-895ba941-Nc738f691N1f4dbab1"},"-sas-assets-895ba941-Nc738f691N4b7ad163":{"children":{"-sas-assets-895ba941-Nc738f691Nb20d341a":{"extends":"http://vwf.example.com/node.vwf","properties":{"text":172},"random":{"c":1,"s0":0.373621029313654,"s1":0.0124881046358496,"s2":0.619026126107201},"sequence":0,"name":"-sas-assets-895ba941-Nc738f691Nb20d341a"},"-sas-assets-895ba941-Nc738f691Ned4084bc":{"extends":"http://vwf.example.com/node.vwf","properties":{"text":19},"random":{"c":1,"s0":0.791627027094364,"s1":0.98240131046623,"s2":0.637816631700844},"sequence":0,"name":"-sas-assets-895ba941-Nc738f691Ned4084bc"}},"extends":"http://vwf.example.com/node.vwf","properties":{"transform":[1.11022291874604e-15,0.999999940395355,1.98855794053543e-8,0,9.80333414446477e-9,-1.98855811817111e-8,1,0,1.00000011920929,-8.88178525579244e-16,-9.80333503264319e-9,0,0.499998450279236,0.00000129975194340659,-2,1]},"random":{"c":1,"s0":0.972691080067307,"s1":0.151794453617185,"s2":0.125976948300377},"sequence":0,"name":"-sas-assets-895ba941-Nc738f691N4b7ad163"}},"extends":"http://vwf.example.com/node.vwf","properties":{"transform":[-0.0676954239606857,0,0.997705399990082,0,0,1,0,0,-0.997705399990082,0,-0.0676954239606857,0,-0.00000141239866024989,7.63145123983122e-7,0.750001668930054,1]},"random":{"c":1,"s0":0.446875771507621,"s1":0.766160709783435,"s2":0.263076235773042},"sequence":0,"name":"-sas-assets-895ba941-Nc738f691Na6aa4c68"},"-sas-assets-895ba941-Nc738f691Naa7829c8":{"children":{"-sas-assets-895ba941-Nc738f691N67ae5f4f":{"children":{"-sas-assets-895ba941-Nc738f691Ne6302cad":{"children":{"-sas-assets-895ba941-Nc738f691N1f45830d":{"properties":{"counter":-268},"name":"-sas-assets-895ba941-Nc738f691N1f45830d"}},"name":"-sas-assets-895ba941-Nc738f691Ne6302cad"}},"name":"-sas-assets-895ba941-Nc738f691N67ae5f4f"},"-sas-assets-895ba941-Nc738f691Nbfaae356":{"children":{"-sas-assets-895ba941-Nc738f691N3766c21c":{"name":"-sas-assets-895ba941-Nc738f691N3766c21c"},"-sas-assets-895ba941-Nc738f691Nc2f33b2e":{"properties":{"text":19},"name":"-sas-assets-895ba941-Nc738f691Nc2f33b2e"}},"properties":{"transform":[1.2212452212085538e-15,0.9999999403953552,1.9885579405354292e-8,0,9.80333414446477e-9,-1.988558118171113e-8,1,0,1.0000001192092896,-1.0547119792730171e-15,-9.80333503264319e-9,0,0.5000002980232239,-0.0000013360681805352215,-2.000000476837158,1]},"name":"-sas-assets-895ba941-Nc738f691Nbfaae356"}},"properties":{"transform":[-0.08968386799097061,0,0.9959695935249329,0,0,1,0,0,-0.9959695935249329,0,-0.08968386799097061,0,-5.126911446495797e-7,0.0000016193317833312904,0.7499982118606567,1]},"name":"-sas-assets-895ba941-Nc738f691Naa7829c8"},"Nec112d75":{"children":{"N82c957cd":{"children":{"N35738f2c":{"extends":"http://vwf.example.com/node.vwf","random":{"c":1,"s0":0.523023826302961,"s1":0.0538993068039417,"s2":0.211062574526295},"sequence":0,"name":"N35738f2c"},"N8a7893f":{"extends":"http://vwf.example.com/node.vwf","random":{"c":1,"s0":0.451517303939909,"s1":0.272664277115837,"s2":0.473870730493218},"sequence":0,"name":"N8a7893f"}},"extends":"http://vwf.example.com/node.vwf","properties":{"transform":[1.11022291874604e-15,0.999999940395355,1.98855794053543e-8,0,9.80333414446477e-9,-1.98855811817111e-8,1,0,1.00000011920929,-8.88178525579244e-16,-9.80333503264319e-9,0,0.500000417232513,0.00000174676767983328,-2.00000047683716,1]},"random":{"c":1,"s0":0.609098863322288,"s1":0.19005790934898,"s2":0.294379316736013},"sequence":0,"name":"N82c957cd"},"N9b9cac6b":{"children":{"Na0b88f88":{"children":{"N4356b02f":{"extends":"http://vwf.example.com/node.vwf","random":{"c":1,"s0":0.877436403883621,"s1":0.662475123768672,"s2":0.2036912671756},"sequence":0,"name":"N4356b02f"}},"extends":"http://vwf.example.com/node.vwf","properties":{"transform":[0.0100002782419324,0.81833291053772,-0.572915613651276,0,-0.0142818782478571,0.573002874851227,0.818208277225494,0,0.999847710132599,0,0.0174524057656527,0,0,0,2,1]},"random":{"c":1,"s0":0.421298525063321,"s1":0.38015944743529,"s2":0.737880842527375},"sequence":0,"name":"Na0b88f88"}},"extends":"http://vwf.example.com/node.vwf","random":{"c":1,"s0":0.113462989451364,"s1":0.865999829722568,"s2":0.867345236008987},"sequence":0,"name":"N9b9cac6b"}},"extends":"http://vwf.example.com/node.vwf","properties":{"transform":[0.0220557283610106,0,0.999756217002869,0,0,1,0,0,-0.999756217002869,0,0.0220557283610106,0,0.00000120587253604754,0.00000147408775319491,0.750000536441803,1]},"random":{"c":1,"s0":0.691864053253084,"s1":0.394712495151907,"s2":0.961203544633463},"sequence":0,"name":"Nec112d75"}},"continues":"/sas/assets/895ba941","properties":{"Ammo":19,"controllingCamera":"SandboxCamera-vwf-sas-assets-895ba941-Nc738f691Nbfaae356","firecounter":-55,"fuse":172,"lastx":0.533157894736842,"lasty":0.496081995987964,"transform":[-0.05057681351900101,0.9986240863800049,-0.013892347924411297,0,-0.9987188577651978,-0.0505988746881485,-0.0012409444898366928,0,-0.0019421721808612347,0.01381177082657814,0.9999027252197266,0,49.26172637939453,-3.598926067352295,8.472723960876465,1]},"random":{"c":1264195,"s0":0.0729609776753932,"s1":0.60619270359166,"s2":0.996300011407584},"name":"Nc738f691"},"Nfeb91833":{"children":{"-sas-assets-13a0f08e-Nfeb91833N8a5ca10c":{"children":{"-sas-assets-13a0f08e-Nfeb91833N587c140e":{"children":{"-sas-assets-13a0f08e-Nfeb91833N1dafb262":{"name":"-sas-assets-13a0f08e-Nfeb91833N1dafb262"},"-sas-assets-13a0f08e-Nfeb91833N2303df4b":{"name":"-sas-assets-13a0f08e-Nfeb91833N2303df4b"},"-sas-assets-13a0f08e-Nfeb91833N2a53749":{"name":"-sas-assets-13a0f08e-Nfeb91833N2a53749"},"-sas-assets-13a0f08e-Nfeb91833N7710970d":{"name":"-sas-assets-13a0f08e-Nfeb91833N7710970d"},"-sas-assets-13a0f08e-Nfeb91833N7ddb3388":{"name":"-sas-assets-13a0f08e-Nfeb91833N7ddb3388"},"-sas-assets-13a0f08e-Nfeb91833N92abf93c":{"name":"-sas-assets-13a0f08e-Nfeb91833N92abf93c"},"-sas-assets-13a0f08e-Nfeb91833Na82188bf":{"name":"-sas-assets-13a0f08e-Nfeb91833Na82188bf"}},"name":"-sas-assets-13a0f08e-Nfeb91833N587c140e"}},"properties":{"visibleToCamera":"-sas-assets-13a0f08e-Nfeb91833"},"name":"-sas-assets-13a0f08e-Nfeb91833N8a5ca10c"}},"continues":"/sas/assets/13a0f08e","properties":{"last_x":0.641578947368421,"last_y":0.346633650952859,"offset":[0.0686187713537403,-0.981887660046873,-0.176601492818102],"transform":[-0.9999650120735168,0.008154707960784435,0.0018557299626991153,0,-0.008363192901015282,-0.9750370383262634,-0.22188477218151093,0,-1.5358634503082058e-11,-0.22189253568649292,0.975071132183075,0,27.24428939819336,-4.475182056427002,17.442935943603516,1]},"name":"Nfeb91833"}},"continues":"/sas/assets/874eb90b","properties":{"___physics_angular_velocity":[0.00786379416699488,-0.00219479159821555,0.0000129770952514776],"___physics_linear_velocity":[3.20658939435254e-7,-0.0000404370808302718,-0.00285697868805189],"___physics_velocity_angular":[0.009149577468633652,0.0018478550482541323,0.000011395261026336811],"___physics_velocity_linear":[6.8751373483166844e-9,3.481185828491107e-8,-0.000010414339158160146],"counter":15002,"engine":"idle","rudder":"hardRight","transform":[0.9999980926513672,-0.000003026144668183406,-0.0019421720644459128,0,0.000029850751161575317,0.9999046325683594,0.013811771757900715,0,0.0019419450545683503,-0.013811803422868252,0.9999027252197266,0,35.972023010253906,18.465755462646484,20.42348289489746,1]},"name":"N37ac1079"},{"children":{"-sas-assets-1ad6adad-N560f3127N22a92d24":{"extends":"http://vwf.example.com/node.vwf","properties":{"transform":[1,0,9.99999997475243e-7,0,0,1,0,0,0,0,1,0,1,0,-0.2499990016222,1]},"random":{"c":1,"s0":0.647732269251719,"s1":0.434313887730241,"s2":0.380698408931494},"sequence":0,"name":"-sas-assets-1ad6adad-N560f3127N22a92d24"},"-sas-assets-1ad6adad-N560f3127N4701d4d9":{"extends":"http://vwf.example.com/node.vwf","properties":{"transform":[0.0861850008368492,-0.0225579999387264,0.99602198600769,0,0.00100199994631112,-0.999741971492767,-0.0227300003170967,0,0.99627697467804,0.00295699993148446,-0.0861409977078438,0,1,0,1.5,1]},"random":{"c":1,"s0":0.340057278051972,"s1":0.102013084571809,"s2":0.287952546495944},"sequence":0,"name":"-sas-assets-1ad6adad-N560f3127N4701d4d9"},"-sas-assets-1ad6adad-N560f3127N83e3ec00":{"properties":{"transform":[1,0,9.999999974752427e-7,0,0,1,0,0,0,0,1,0,1,0,-0.2499990016222,1]},"name":"-sas-assets-1ad6adad-N560f3127N83e3ec00"},"-sas-assets-1ad6adad-N560f3127N8c4837dd":{"properties":{"transform":[0.08618500083684921,-0.022557999938726425,0.9960219860076904,0,0.0010019999463111162,-0.9997419714927673,-0.02273000031709671,0,0.9962769746780396,0.002956999931484461,-0.08614099770784378,0,1,0,1.5,1]},"name":"-sas-assets-1ad6adad-N560f3127N8c4837dd"},"-sas-assets-1ad6adad-N560f3127N8cf5a8e2":{"properties":{"transform":[1,0,0,0,0,1,0,0,-9.999999974752427e-7,0,1,0,3,0,-0.75,1],"worldTransform":[0.18804042041301727,-0.9821426272392273,0.006052142009139061,0,0.98142409324646,0.18813441693782806,0.03757866099476814,0,-0.03804640844464302,-0.0011256071738898754,0.9992753267288208,0,23.842655181884766,-128.69558715820312,20.018699645996094,1]},"name":"-sas-assets-1ad6adad-N560f3127N8cf5a8e2"},"-sas-assets-1ad6adad-N560f3127N958e2662":{"properties":{"transform":[-9.999999974752427e-7,1,-9.999999974752427e-7,0,-1.0000009536743164,-9.999999974752427e-7,-9.999999974752427e-7,0,-9.999999974752427e-7,0,1,0,0.5,0,-0.5,1]},"name":"-sas-assets-1ad6adad-N560f3127N958e2662"},"-sas-assets-1ad6adad-N560f3127Ndc274354":{"extends":"http://vwf.example.com/node.vwf","properties":{"transform":[1,0,0,0,0,1,0,0,-9.99999997475243e-7,0,1,0,3,0,-0.75,1],"worldTransform":[0.188040420413017,-0.982142627239227,0.00605214200913906,0,0.98142409324646,0.188134416937828,0.0375786609947681,0,-0.038046408444643,-0.00112560717388988,0.999275326728821,0,23.8426551818848,-128.695587158203,20.0186996459961,1]},"random":{"c":1,"s0":0.318625225452706,"s1":0.528400531737134,"s2":0.179298237664625},"sequence":0,"name":"-sas-assets-1ad6adad-N560f3127Ndc274354"},"-sas-assets-1ad6adad-N560f3127Ndec617a2":{"extends":"http://vwf.example.com/node.vwf","properties":{"transform":[-9.99999997475243e-7,1,-9.99999997475243e-7,0,-1.00000095367432,-9.99999997475243e-7,-9.99999997475243e-7,0,-9.99999997475243e-7,0,1,0,0.5,0,-0.5,1]},"random":{"c":1,"s0":0.3472609447781,"s1":0.945057186996564,"s2":0.201974327210337},"sequence":0,"name":"-sas-assets-1ad6adad-N560f3127Ndec617a2"}},"continues":"/sas/assets/1ad6adad","properties":{"___physics_angular_velocity":[0.0260809168463826,-0.136370284322186,0.000363908747590426],"___physics_linear_velocity":[-0.018869881118011,0.102970223509478,-0.00288253981144265],"___physics_velocity_angular":[-0.006485499441623688,-0.029203463345766068,0.00006471243250416592],"___physics_velocity_linear":[-5.570872190219234e-7,-3.630651690400555e-8,-0.000010516863767406903],"controllingCamera":"SandboxCamera-vwf-N7ce6c503","counter":14956,"health":45,"transform":[0.18804042041301727,-0.9821426272392273,0.006052142009139061,0,0.98142409324646,0.18813441693782806,0.03757866099476814,0,-0.0380462221801281,-0.0011265893699601293,0.9992753267288208,0,23.25,-125.75,20.75,1]},"name":"N560f3127"},{"children":{"N9ba67b87":{"extends":"Seek.vwf","properties":{"DisplayName":"seek1","Offset":[8,0,2],"Target":"-sas-assets-1ad6adad-N560f3127","owner":"ADLteam","strength":1,"type":"behavior"},"random":{"c":1,"s0":0.127052,"s1":0.514706,"s2":0.823928},"sequence":0,"name":"N9ba67b87"}},"extends":"SandboxCamera.vwf","methods":{"tick":{"body":"                      var node = this.Scene.findNodeByID(this.objectToLookAt);\n    var pos = [0, 0, 0];\n    if (node)\n        pos = node.transformAPI.localToGlobal([0, 0, 0]);\n    var offset = this.offset;\n    offset = MATH.scaleVec3(offset, this.zoom);\n\n    this.transformAPI.lookat(pos, '', '-Y', 'Z');                      ","parameters":[]}},"properties":{"DisplayName":"LookatCamera","EditorData":{"Target":{"displayname":"Target","property":"objectToLookAt","type":"nodeid"}},"last_x":0,"last_y":0,"mousedown":0,"objectToLookAt":"-sas-assets-1ad6adad-N560f3127","offset":[1,0,0],"owner":"ADLteam","quaternion":[-0.168121,0.013128,-0.076735,0.982687],"rotation":[-0.907434,0.070859,-0.414178,21.353824],"scale":[1,0.998998,0.999],"sourceAssetId":"48168dbd","transform":[0.9822478890419006,0.18758542835712433,8.11600244787769e-8,0,-0.18156394362449646,0.9507178664207458,-0.247330904006958,0,-0.04639560729265213,0.24293950200080872,0.9678964018821716,0,25,-134.25,22.75,1],"translation":[-4.978086,-9.806168,1.459538],"zoom":1},"random":{"c":1,"s0":0.762165,"s1":0.779216,"s2":0.235236},"sequence":0,"source":"vwf/model/threejs/camera.js","type":"subDriver/threejs","name":"N7ce6c503"},{"extends":"asset.vwf","properties":{"___physics_activation_state":1,"___physics_deactivation_time":0,"___physics_velocity_angular":[0,0,0],"___physics_velocity_linear":[0,0,0],"materialDef":{"alpha":1,"ambient":{"b":0,"g":0,"r":0},"blendMode":1,"color":{"b":1,"g":1,"r":1},"combine":0,"depthtest":true,"depthwrite":true,"emit":{"b":0,"g":0,"r":0},"fog":true,"layers":[{"alpha":1,"mapInput":0,"mapTo":1,"offsetx":0,"offsety":0,"scalex":1,"scaley":1,"src":"/sas/assets/7a725720"},{"alpha":1,"mapInput":0,"mapTo":4,"offsetx":0,"offsety":0,"rot":0,"scalex":1,"scaley":1,"src":"/sas/assets/29377d3a"}],"metal":false,"reflect":0,"shading":true,"shininess":0.000002,"side":0,"specularColor":{"b":0,"g":0,"r":0},"specularLevel":1,"type":"phong","vertexColors":false,"wireframe":false},"owner":"ADLteam","sourceAssetId":"2aeebf25","transform":[2788.900390625,-1105.4566650390625,0,0,1105.4566650390625,2788.900390625,0,0,0,0,3000,0,1550.25,-28,-14.25,1]},"random":{"c":1,"s0":0.109903332777321,"s1":0.767316361656412,"s2":0.111590651795268},"sequence":0,"source":"/sas/assets/9a0b0fd4","type":"subDriver/threejs/asset/vnd.collada+xml","name":"Nf1bee40d"},{"DisplayName":null,"glyphURL":"../vwf/view/editorview/images/icons/scene.png","simTime":0,"placemarks":{"Origin":[0,0,0]},"navmode":"none","sunColor":[1,0.945098039215686,0.6],"sunDirection":[1.55,-0.2,1],"sunIntensity":1.3,"shadowDarkness":0.65,"ambientColor":[0.35,0.35,0.35],"fogColor":[0.870588235294118,0.764705882352941,0.686274509803922],"fogNear":0,"fogFar":50,"fogType":"exp","fogDensity":0.001,"fogVFalloff":5.515,"fogVFalloffStart":-1.7,"skyColorBlend":0.18,"skyFogBlend":0.55,"skyApexColor":[0.305882352941176,0.603921568627451,0.949019607843137],"skyHorizonColor":[1,0.92156862745098,0.749019607843137],"___physics_gravity":[0,0,-9.8],"___physics_accuracy":10,"___physics_active":true,"vAtmosphereDensity":0.0005,"playMode":"stop","octreeObjects":5,"octreeDepth":10,"octreeExtents":7940,"materialDef":{"alpha":1,"ambient":{"b":0.8,"g":0.8,"r":0.8},"color":{"a":1,"b":1,"g":1,"r":1},"combine":0,"depthtest":true,"depthwrite":true,"emit":{"b":0,"g":0,"r":0},"layers":[{"alpha":1,"blendMode":0,"mapInput":0,"mapTo":1,"offsetx":0.11,"offsety":0.11,"rot":0,"scalex":10,"scaley":10,"src":"./contentlibraries/environments/assets/dirt.jpg"},{"alpha":0.27,"blendMode":0,"mapInput":0,"mapTo":"4","offsetx":0,"offsety":0,"rot":0,"scalex":1,"scaley":1,"src":"./contentlibraries/environments/assets/waternormal.jpg"}],"metal":false,"reflect":0,"shadeless":false,"shadow":true,"shininess":4,"side":2,"specularColor":{"b":0,"g":0.650980392156863,"r":1},"specularLevel":0.305,"type":"phong","wireframe":false,"blendMode":1,"fog":true,"shading":true,"vertexColors":false},"skyTexture":"cloudy_noon","owner":"ADLteam","type":"scene","skyAtmosphereDensity":1}]