[{"children":{"-sas-assets-1462ff1d-N859c2fa3N1244aaff":{"properties":{"transform":[0.9940000176429749,0,0,0,0,0.9850000143051147,0,0,0,0,0.9800000190734863,0,42.37300109863281,-213.3679962158203,66.27300262451172,1]},"name":"-sas-assets-1462ff1d-N859c2fa3N1244aaff"},"-sas-assets-1462ff1d-N859c2fa3N22932da0":{"properties":{"transform":[-0.5000000596046448,0.866025447845459,0,0,-0.866025447845459,-0.5000000596046448,0,0,0,0,1,0,0.4877299964427948,8.373089790344238,202.0279998779297,1]},"name":"-sas-assets-1462ff1d-N859c2fa3N22932da0"},"-sas-assets-1462ff1d-N859c2fa3N2c7ab914":{"properties":{"transform":[1,0,0,0,0,1,0,0,0,0,1,0,-21.033199310302734,711.8720092773438,255.27999877929688,1]},"name":"-sas-assets-1462ff1d-N859c2fa3N2c7ab914"},"-sas-assets-1462ff1d-N859c2fa3N3898105b":{"properties":{"transform":[0.2555910050868988,-0.9665907025337219,0.019382571801543236,0,0.7241450548171997,0.1781226545572281,-0.6662464737892151,0,0.6405342221260071,0.1843225061893463,0.7454774975776672,0,0.859683096408844,0.05849115923047066,1.330382227897644,1]},"name":"-sas-assets-1462ff1d-N859c2fa3N3898105b"},"-sas-assets-1462ff1d-N859c2fa3N6eab8edd":{"properties":{"transform":[1,0,0,0,0,1,0,0,0,0,1,0,0.6687290072441101,240.85899353027344,141.67300415039062,1]},"name":"-sas-assets-1462ff1d-N859c2fa3N6eab8edd"},"-sas-assets-1462ff1d-N859c2fa3Nad4d203":{"properties":{"transform":[-0.08242683857679367,-0.9960001707077026,-0.034498050808906555,0,0.8210174441337585,-0.04824206978082657,-0.5688616633415222,0,0.5649214386940002,-0.07521340250968933,0.8217092752456665,0,0.4865036904811859,-1.7970478534698486,1.3066357374191284,1]},"name":"-sas-assets-1462ff1d-N859c2fa3Nad4d203"},"-sas-assets-1462ff1d-N859c2fa3Nef6875fd":{"name":"-sas-assets-1462ff1d-N859c2fa3Nef6875fd"},"-sas-assets-1462ff1d-N859c2fa3Nf8ace667":{"properties":{"transform":[1,0,0,0,0,1,0,0,0,0,1,0,86.16889953613281,129.88333129882812,102.67400360107422,1]},"name":"-sas-assets-1462ff1d-N859c2fa3Nf8ace667"}},"continues":"/sas/assets/1462ff1d","properties":{"___physics_deactivation_time":0.05000000074505806,"___physics_velocity_angular":[2.096552697399575e-40,-2.6438298126416324e-41,-0.000797823304310441],"___physics_velocity_linear":[-0.06483523547649384,0.2917110025882721,-0.21153783798217773],"transform":[1,0,0,0,0,1,0,0,0,0,1,0,33.75,6,0,1]},"name":"N859c2fa3"},{"DisplayName":null,"glyphURL":"../vwf/view/editorview/images/icons/scene.png","simTime":0,"placemarks":{"Origin":[0,0,0]},"navmode":"none","sunColor":[1,1,1],"sunDirection":[0.5,0.5,1],"sunIntensity":0.8,"shadowDarkness":0.5,"ambientColor":[0.35,0.35,0.35],"fogColor":[1,1,1],"fogNear":100,"fogFar":1000,"fogType":0,"fogDensity":0.005,"fogVFalloff":1.3,"fogVFalloffStart":0,"skyColorBlend":1,"skyFogBlend":0,"skyApexColor":[0.9,0.9,0.9],"skyHorizonColor":[0.8,0.8,0.8],"___physics_gravity":[0,0,-9.8],"___physics_accuracy":10,"___physics_active":true,"vAtmosphereDensity":0.0005,"playMode":"stop","octreeObjects":5,"octreeDepth":16,"octreeExtents":640,"materialDef":{"shininess":15,"alpha":1,"ambient":{"r":0.8,"g":0.8,"b":0.8},"color":{"r":1,"g":1,"b":1,"a":1},"emit":{"r":0,"g":0,"b":0},"reflect":0.8,"shadeless":false,"shadow":true,"specularColor":{"r":0.5773502691896258,"g":0.5773502691896258,"b":0.5773502691896258},"specularLevel":1,"wireframe":true,"layers":[{"alpha":1,"blendMode":0,"mapInput":0,"mapTo":1,"offsetx":0.11,"offsety":0.11,"rot":0,"scalex":27.77777777777778,"scaley":27.77777777777778,"src":"textures/grid2.gif"}],"type":"phong","metal":false,"combine":0,"depthtest":true,"depthwrite":true},"skyTexture":"white","owner":"ADLteam","type":"scene"}]