[{"children":{"-sas-assets-f997b70e-N1247617aN83e3ec00":{"properties":{"transform":[1,0,9.999999974752427e-7,0,0,1,0,0,0,0,1,0,1,0,-0.2499990016222,1]},"name":"-sas-assets-f997b70e-N1247617aN83e3ec00"},"-sas-assets-f997b70e-N1247617aN8c4837dd":{"properties":{"transform":[0.08618500083684921,-0.022557999938726425,0.9960219860076904,0,0.0010019999463111162,-0.9997419714927673,-0.02273000031709671,0,0.9962769746780396,0.002956999931484461,-0.08614099770784378,0,1,0,1.5,1],"worldTransform":[0.10686450451612473,0.010005369782447815,0.9932156801223755,0,-0.522942841053009,-0.8487240076065063,0.0648145079612732,0,0.844458281993866,-0.5268478989601135,-0.0855526328086853,0,17.668378829956055,-30.912918090820312,21.993179321289062,1]},"name":"-sas-assets-f997b70e-N1247617aN8c4837dd"},"-sas-assets-f997b70e-N1247617aN8cf5a8e2":{"properties":{"transform":[1,0,0,0,0,1,0,0,-9.999999974752427e-7,0,1,0,3,0,-0.75,1],"worldTransform":[0.8500033020973206,-0.5248762965202332,0.00043204185203649104,0,0.5228933691978455,0.8467200398445129,-0.08745672553777695,0,0.045582883059978485,0.07463958114385605,0.9951643943786621,0,19.26582145690918,-32.13060760498047,19.75492286682129,1]},"name":"-sas-assets-f997b70e-N1247617aN8cf5a8e2"},"-sas-assets-f997b70e-N1247617aN958e2662":{"properties":{"transform":[-9.999999974752427e-7,1,-9.999999974752427e-7,0,-1.0000009536743164,-9.999999974752427e-7,-9.999999974752427e-7,0,-9.999999974752427e-7,0,1,0,0.5,0,-0.5,1]},"name":"-sas-assets-f997b70e-N1247617aN958e2662"},"N1815478a":{"extends":"http://vwf.example.com/node.vwf","properties":{"transform":[-9.99999997475243e-7,1,-9.99999997475243e-7,0,-1.00000095367432,-9.99999997475243e-7,-9.99999997475243e-7,0,-9.99999997475243e-7,0,1,0,0.5,0,-0.5,1]},"random":{"c":1,"s0":0.143061302602291,"s1":0.281119043705985,"s2":0.810572745744139},"sequence":0,"name":"N1815478a"},"N19a3abd3":{"extends":"http://vwf.example.com/node.vwf","properties":{"transform":[-9.99999997475243e-7,1,-9.99999997475243e-7,0,-1.00000095367432,-9.99999997475243e-7,-9.99999997475243e-7,0,-9.99999997475243e-7,0,1,0,0.5,0,-0.5,1]},"random":{"c":1,"s0":0.602500276872888,"s1":0.623635254567489,"s2":0.217987551819533},"sequence":0,"name":"N19a3abd3"},"N2a3f694c":{"extends":"http://vwf.example.com/node.vwf","properties":{"transform":[1,0,9.99999997475243e-7,0,0,1,0,0,0,0,1,0,1,0,-0.2499990016222,1]},"random":{"c":1,"s0":0.422185620060191,"s1":0.318802046356723,"s2":0.0734265905339271},"sequence":0,"name":"N2a3f694c"},"N2ce63e9c":{"extends":"http://vwf.example.com/node.vwf","properties":{"transform":[1,0,9.99999997475243e-7,0,0,1,0,0,0,0,1,0,1,0,-0.2499990016222,1]},"random":{"c":1,"s0":0.761127033038065,"s1":0.68339375522919,"s2":0.0806742860004306},"sequence":0,"name":"N2ce63e9c"},"N3e71d438":{"extends":"http://vwf.example.com/node.vwf","properties":{"transform":[-9.99999997475243e-7,1,-9.99999997475243e-7,0,-1.00000095367432,-9.99999997475243e-7,-9.99999997475243e-7,0,-9.99999997475243e-7,0,1,0,0.5,0,-0.5,1]},"random":{"c":1,"s0":0.708000695565715,"s1":0.278099089860916,"s2":0.237379764905199},"sequence":0,"name":"N3e71d438"},"N42f5e70c":{"extends":"http://vwf.example.com/node.vwf","properties":{"transform":[1,0,0,0,0,1,0,0,-9.99999997475243e-7,0,1,0,3,0,-0.75,1],"worldTransform":[-0.56986391544342,0.820517539978027,-0.00266519002616405,0,-0.813849985599518,-0.565640151500702,-0.125301375985146,0,-0.104423366487026,-0.0693057850003242,0.991107165813446,0,126.368728637695,98.2635345458984,19.7486743927002,1]},"random":{"c":1,"s0":0.644939832389355,"s1":0.65602162014693,"s2":0.589211476966739},"sequence":0,"name":"N42f5e70c"},"N53384b4e":{"extends":"http://vwf.example.com/node.vwf","properties":{"transform":[1,0,9.99999997475243e-7,0,0,1,0,0,0,0,1,0,1,0,-0.2499990016222,1]},"random":{"c":1,"s0":0.263318713754416,"s1":0.419721243204549,"s2":0.793828546768054},"sequence":0,"name":"N53384b4e"},"N59454fd2":{"extends":"http://vwf.example.com/node.vwf","properties":{"transform":[1,0,0,0,0,1,0,0,-9.99999997475243e-7,0,1,0,3,0,-0.75,1],"worldTransform":[0.907533347606659,-0.417319148778915,0.0151299014687538,0,0.416099190711975,0.906751573085785,0.0516140051186085,0,-0.0352947749197483,-0.0405860580503941,0.997551023960114,0,-12.2509298324585,28.7784824371338,19.7972259521484,1]},"random":{"c":1,"s0":0.679187024943531,"s1":0.875150779262185,"s2":0.0589033314026892},"sequence":0,"name":"N59454fd2"},"N5aa5395d":{"extends":"http://vwf.example.com/node.vwf","properties":{"transform":[0.0861850008368492,-0.0225579999387264,0.99602198600769,0,0.00100199994631112,-0.999741971492767,-0.0227300003170967,0,0.99627697467804,0.00295699993148446,-0.0861409977078438,0,1,0,1.5,1],"worldTransform":[0.0336759313941002,-0.0968461781740189,0.993722438812256,0,-0.414280235767365,-0.906013250350952,-0.0742598623037338,0,0.908425211906433,-0.409588038921356,-0.0707038417458534,0,-14.1454076766968,29.521800994873,22.0114555358887,1]},"random":{"c":1,"s0":0.603326217504218,"s1":0.483435918344185,"s2":0.727979785297066},"sequence":0,"name":"N5aa5395d"},"N6ceef83d":{"extends":"http://vwf.example.com/node.vwf","properties":{"transform":[1,0,0,0,0,1,0,0,-9.999999974752427e-7,0,1,0,3,0,-0.75,1],"worldTransform":[0.8500033020973206,-0.5248762965202332,0.00043204185203649104,0,0.5228933691978455,0.8467200398445129,-0.08745672553777695,0,0.045582883059978485,0.07463958114385605,0.9951643943786621,0,6.015821933746338,33.86939239501953,19.75492286682129,1]},"random":{"c":1,"s0":0.247102816356346,"s1":0.961255486588925,"s2":0.380233248928562},"sequence":0,"name":"N6ceef83d"},"N762d59a1":{"extends":"http://vwf.example.com/node.vwf","properties":{"transform":[-9.999999974752427e-7,1,-9.999999974752427e-7,0,-1.0000009536743164,-9.999999974752427e-7,-9.999999974752427e-7,0,-9.999999974752427e-7,0,1,0,0.5,0,-0.5,1]},"random":{"c":1,"s0":0.828867618693039,"s1":0.476985057117417,"s2":0.375410204520449},"sequence":0,"name":"N762d59a1"},"N78594fdf":{"extends":"http://vwf.example.com/node.vwf","properties":{"transform":[0.08618500083684921,-0.022557999938726425,0.9960219860076904,0,0.0010019999463111162,-0.9997419714927673,-0.02273000031709671,0,0.9962769746780396,0.002956999931484461,-0.08614099770784378,0,1,0,1.5,1],"worldTransform":[0.10686450451612473,0.010005369782447815,0.9932156801223755,0,-0.522942841053009,-0.8487240076065063,0.0648145079612732,0,0.844458281993866,-0.5268478989601135,-0.0855526328086853,0,4.418378829956055,35.08708190917969,21.993179321289062,1]},"random":{"c":1,"s0":0.354985806159675,"s1":0.217363125644624,"s2":0.408483230508864},"sequence":0,"name":"N78594fdf"},"N7fec9316":{"extends":"http://vwf.example.com/node.vwf","properties":{"transform":[1,0,9.99999997475243e-7,0,0,1,0,0,0,0,1,0,1,0,-0.2499990016222,1]},"random":{"c":1,"s0":0.850086203310639,"s1":0.487054637866095,"s2":0.536269838456064},"sequence":0,"name":"N7fec9316"},"N855dbcdd":{"extends":"http://vwf.example.com/node.vwf","properties":{"transform":[1,0,0,0,0,1,0,0,-9.99999997475243e-7,0,1,0,3,0,-0.75,1],"worldTransform":[-0.56986391544342,0.820517539978027,-0.00266519002616405,0,-0.813849985599518,-0.565640151500702,-0.125301375985146,0,-0.104423366487026,-0.0693057850003242,0.991107165813446,0,126.368728637695,24.0135307312012,19.7486743927002,1]},"random":{"c":1,"s0":0.200689877849072,"s1":0.995088794501498,"s2":0.285323760937899},"sequence":0,"name":"N855dbcdd"},"N88fcf5d3":{"extends":"http://vwf.example.com/node.vwf","properties":{"transform":[1,0,9.999999974752427e-7,0,0,1,0,0,0,0,1,0,1,0,-0.2499990016222,1]},"random":{"c":1,"s0":0.517048612236977,"s1":0.550892863655463,"s2":0.216533156577498},"sequence":0,"name":"N88fcf5d3"},"N8a1c349":{"extends":"http://vwf.example.com/node.vwf","properties":{"transform":[0.0861850008368492,-0.0225579999387264,0.99602198600769,0,0.00100199994631112,-0.999741971492767,-0.0227300003170967,0,0.99627697467804,0.00295699993148446,-0.0861409977078438,0,1,0,1.5,1],"worldTransform":[0.0336759313941002,-0.0968461781740189,0.993722438812256,0,-0.414280235767365,-0.906013250350952,-0.0742598623037338,0,0.908425211906433,-0.409588038921356,-0.0707038417458534,0,-5.14540767669678,45.271800994873,22.0114555358887,1]},"random":{"c":1,"s0":0.837517539039254,"s1":0.288367318687961,"s2":0.980435662670061},"sequence":0,"name":"N8a1c349"},"N8db71de7":{"extends":"http://vwf.example.com/node.vwf","properties":{"transform":[-9.99999997475243e-7,1,-9.99999997475243e-7,0,-1.00000095367432,-9.99999997475243e-7,-9.99999997475243e-7,0,-9.99999997475243e-7,0,1,0,0.5,0,-0.5,1]},"random":{"c":1,"s0":0.96726086572744,"s1":0.606894155032933,"s2":0.834615632425994},"sequence":0,"name":"N8db71de7"},"N913d5098":{"extends":"http://vwf.example.com/node.vwf","properties":{"transform":[0.0861850008368492,-0.0225579999387264,0.99602198600769,0,0.00100199994631112,-0.999741971492767,-0.0227300003170967,0,0.99627697467804,0.00295699993148446,-0.0861409977078438,0,1,0,1.5,1]},"random":{"c":1,"s0":0.134912632871419,"s1":0.631205366225913,"s2":0.0549740889109671},"sequence":0,"name":"N913d5098"},"N9b62a155":{"extends":"http://vwf.example.com/node.vwf","properties":{"transform":[1,0,9.99999997475243e-7,0,0,1,0,0,0,0,1,0,1,0,-0.2499990016222,1]},"random":{"c":1,"s0":0.180647411383688,"s1":0.15886071161367,"s2":0.554779215250164},"sequence":0,"name":"N9b62a155"},"Na193deba":{"extends":"http://vwf.example.com/node.vwf","properties":{"transform":[1,0,9.99999997475243e-7,0,0,1,0,0,0,0,1,0,1,0,-0.2499990016222,1]},"random":{"c":1,"s0":0.233756785281003,"s1":0.920231887837872,"s2":0.176769864512607},"sequence":0,"name":"Na193deba"},"Na9b168b6":{"extends":"http://vwf.example.com/node.vwf","properties":{"transform":[1,0,0,0,0,1,0,0,-9.99999997475243e-7,0,1,0,3,0,-0.75,1],"worldTransform":[0.850003302097321,-0.524876296520233,0.000432041852036491,0,0.522893369197845,0.846720039844513,-0.0874567255377769,0,0.0455828830599785,0.074639581143856,0.995164394378662,0,25.0158214569092,59.6193923950195,19.7549228668213,1]},"random":{"c":1,"s0":0.725837171310559,"s1":0.193269049283117,"s2":0.771656773518771},"sequence":0,"name":"Na9b168b6"},"Nb9a65d49":{"extends":"http://vwf.example.com/node.vwf","properties":{"transform":[1,0,0,0,0,1,0,0,-9.99999997475243e-7,0,1,0,3,0,-0.75,1],"worldTransform":[0.850003302097321,-0.524876296520233,0.000432041852036491,0,0.522893369197845,0.846720039844513,-0.0874567255377769,0,0.0455828830599785,0.074639581143856,0.995164394378662,0,16.2658214569092,46.8693923950195,19.7549228668213,1]},"random":{"c":1,"s0":0.731542458757758,"s1":0.493508366402239,"s2":0.176069924142212},"sequence":0,"name":"Nb9a65d49"},"Nbb458208":{"extends":"http://vwf.example.com/node.vwf","properties":{"transform":[-9.99999997475243e-7,1,-9.99999997475243e-7,0,-1.00000095367432,-9.99999997475243e-7,-9.99999997475243e-7,0,-9.99999997475243e-7,0,1,0,0.5,0,-0.5,1]},"random":{"c":1,"s0":0.64467746950686,"s1":0.63237816770561,"s2":0.40734236757271},"sequence":0,"name":"Nbb458208"},"Nbc5f2818":{"extends":"http://vwf.example.com/node.vwf","properties":{"transform":[0.0861850008368492,-0.0225579999387264,0.99602198600769,0,0.00100199994631112,-0.999741971492767,-0.0227300003170967,0,0.99627697467804,0.00295699993148446,-0.0861409977078438,0,1,0,1.5,1],"worldTransform":[0.106864504516125,0.0100053697824478,0.993215680122375,0,-0.522942841053009,-0.848724007606506,0.0648145079612732,0,0.844458281993866,-0.526847898960114,-0.0855526328086853,0,14.6683788299561,48.0870819091797,21.9931793212891,1]},"random":{"c":1,"s0":0.21703008422628,"s1":0.908126864116639,"s2":0.697744214441627},"sequence":0,"name":"Nbc5f2818"},"Nc669bd5":{"extends":"http://vwf.example.com/node.vwf","properties":{"transform":[0.0861850008368492,-0.0225579999387264,0.99602198600769,0,0.00100199994631112,-0.999741971492767,-0.0227300003170967,0,0.99627697467804,0.00295699993148446,-0.0861409977078438,0,1,0,1.5,1]},"random":{"c":1,"s0":0.839950734516606,"s1":0.360055404016748,"s2":0.328113712836057},"sequence":0,"name":"Nc669bd5"},"Nd0cb4f2f":{"extends":"http://vwf.example.com/node.vwf","properties":{"transform":[1,0,0,0,0,1,0,0,-9.99999997475243e-7,0,1,0,3,0,-0.75,1],"worldTransform":[0.907533347606659,-0.417319148778915,0.0151299014687538,0,0.416099190711975,0.906751573085785,0.0516140051186085,0,-0.0352947749197483,-0.0405860580503941,0.997551023960114,0,-3.25092959403992,44.5284805297852,19.7972259521484,1]},"random":{"c":1,"s0":0.907390597974882,"s1":0.377685881452635,"s2":0.489691085647792},"sequence":0,"name":"Nd0cb4f2f"},"Nf0e3b058":{"extends":"http://vwf.example.com/node.vwf","properties":{"transform":[-9.99999997475243e-7,1,-9.99999997475243e-7,0,-1.00000095367432,-9.99999997475243e-7,-9.99999997475243e-7,0,-9.99999997475243e-7,0,1,0,0.5,0,-0.5,1]},"random":{"c":1,"s0":0.586387390270829,"s1":0.982248353073373,"s2":0.862705804407597},"sequence":0,"name":"Nf0e3b058"},"Nfe23d011":{"extends":"http://vwf.example.com/node.vwf","properties":{"transform":[0.0861850008368492,-0.0225579999387264,0.99602198600769,0,0.00100199994631112,-0.999741971492767,-0.0227300003170967,0,0.99627697467804,0.00295699993148446,-0.0861409977078438,0,1,0,1.5,1],"worldTransform":[0.106864504516125,0.0100053697824478,0.993215680122375,0,-0.522942841053009,-0.848724007606506,0.0648145079612732,0,0.844458281993866,-0.526847898960114,-0.0855526328086853,0,23.4183788299561,60.8370819091797,21.9931793212891,1]},"random":{"c":1,"s0":0.733190218918025,"s1":0.84592141630128,"s2":0.254660702077672},"sequence":0,"name":"Nfe23d011"}},"continues":"/sas/assets/f997b70e","properties":{"DisplayName":"Object4","___physics_angular_velocity":[-0.0117791566136347,-0.118751233606531,0.0000605524842555405],"___physics_linear_velocity":[-0.0109974034924646,1.2011750112615,-0.00402895465894212],"___physics_velocity_angular":[-0.023126179352402687,0.054317012429237366,-0.001513756811618805],"___physics_velocity_linear":[-2.0971968173980713,5.783531188964844,-0.0004477206675801426],"counter":22810,"currentState":{"name":"fire_rocket","properties":{},"transitionFunction":"fire_rocketTransition","transitions":["approaching","fire_rocket","moving_away","idle","colliding","defeated"],"updateFunction":"fire_rocketUpdate"},"facLeaderMovementCandidate":[[73.3749776184559,204.862954735756,19.3050428386778]],"facPeerMovementCandidate":[[72.4974594116211,161.419464111328,20.6694812774658],"-sas-assets-f997b70e-Nb40e3a80",[0.637965023517609,0.768752753734589,-0.00456913840025663]],"missileDef":{"continues":"/sas/assets/73e8a4a3","properties":{"fired":true,"transform":[-0.167361155152321,0.134911715984344,0.975595533847809,0,-0.430305033922195,0.880118906497955,-0.195527493953705,0,-0.885904133319855,-0.452980160713196,-0.0893346890807152,0,-81.9653244018555,-12.5582981109619,22.1051464080811,1]}},"rockets":4,"smokeDef":{"continues":"/sas/assets/aeb3d1dd","properties":{"targetEntity":"-sas-assets-73e8a4a3-N9c1d2952","transform":[1,0,0,0,0,1,0,0,0,0,1,0,0,0,0,1]}},"transform":[0.8500033020973206,-0.5248762965202332,0.00043204185203649104,0,0.5228933691978455,0.8467200398445129,-0.08745672553777695,0,0.045583732426166534,0.07463905960321426,0.9951643943786621,0,16.75,-30.5,20.5,1],"worldTransform":[0.8500033020973206,-0.5248762965202332,0.00043204185203649104,0,0.5228933691978455,0.8467200398445129,-0.08745672553777695,0,0.045583732426166534,0.07463905960321426,0.9951643943786621,0,16.75,-30.5,20.5,1]},"name":"N1247617a"},{"children":{"-sas-assets-f997b70e-N1a4cc21N83e3ec00":{"properties":{"transform":[1,0,9.999999974752427e-7,0,0,1,0,0,0,0,1,0,1,0,-0.2499990016222,1]},"name":"-sas-assets-f997b70e-N1a4cc21N83e3ec00"},"-sas-assets-f997b70e-N1a4cc21N8c4837dd":{"properties":{"transform":[0.08618500083684921,-0.022557999938726425,0.9960219860076904,0,0.0010019999463111162,-0.9997419714927673,-0.02273000031709671,0,0.9962769746780396,0.002956999931484461,-0.08614099770784378,0,1,0,1.5,1],"worldTransform":[0.10686450451612473,0.010005369782447815,0.9932156801223755,0,-0.522942841053009,-0.8487240076065063,0.0648145079612732,0,0.844458281993866,-0.5268478989601135,-0.0855526328086853,0,57.66838073730469,23.337081909179688,21.993179321289062,1]},"name":"-sas-assets-f997b70e-N1a4cc21N8c4837dd"},"-sas-assets-f997b70e-N1a4cc21N8cf5a8e2":{"properties":{"transform":[1,0,0,0,0,1,0,0,-9.999999974752427e-7,0,1,0,3,0,-0.75,1],"worldTransform":[0.8500033020973206,-0.5248762965202332,0.00043204185203649104,0,0.5228933691978455,0.8467200398445129,-0.08745672553777695,0,0.045582883059978485,0.07463958114385605,0.9951643943786621,0,59.26582336425781,22.11939239501953,19.75492286682129,1]},"name":"-sas-assets-f997b70e-N1a4cc21N8cf5a8e2"},"-sas-assets-f997b70e-N1a4cc21N958e2662":{"properties":{"transform":[-9.999999974752427e-7,1,-9.999999974752427e-7,0,-1.0000009536743164,-9.999999974752427e-7,-9.999999974752427e-7,0,-9.999999974752427e-7,0,1,0,0.5,0,-0.5,1]},"name":"-sas-assets-f997b70e-N1a4cc21N958e2662"},"N1a837a60":{"extends":"http://vwf.example.com/node.vwf","properties":{"transform":[1,0,9.99999997475243e-7,0,0,1,0,0,0,0,1,0,1,0,-0.2499990016222,1]},"random":{"c":1,"s0":0.422185620060191,"s1":0.318802046356723,"s2":0.0734265905339271},"sequence":0,"name":"N1a837a60"},"N1b0a7d84":{"extends":"http://vwf.example.com/node.vwf","properties":{"transform":[1,0,0,0,0,1,0,0,-9.99999997475243e-7,0,1,0,3,0,-0.75,1],"worldTransform":[0.850003302097321,-0.524876296520233,0.000432041852036491,0,0.522893369197845,0.846720039844513,-0.0874567255377769,0,0.0455828830599785,0.074639581143856,0.995164394378662,0,25.0158214569092,59.6193923950195,19.7549228668213,1]},"random":{"c":1,"s0":0.725837171310559,"s1":0.193269049283117,"s2":0.771656773518771},"sequence":0,"name":"N1b0a7d84"},"N3c386fe6":{"extends":"http://vwf.example.com/node.vwf","properties":{"transform":[1,0,0,0,0,1,0,0,-9.99999997475243e-7,0,1,0,3,0,-0.75,1],"worldTransform":[-0.56986391544342,0.820517539978027,-0.00266519002616405,0,-0.813849985599518,-0.565640151500702,-0.125301375985146,0,-0.104423366487026,-0.0693057850003242,0.991107165813446,0,126.368728637695,98.2635345458984,19.7486743927002,1]},"random":{"c":1,"s0":0.644939832389355,"s1":0.65602162014693,"s2":0.589211476966739},"sequence":0,"name":"N3c386fe6"},"N42b7e809":{"extends":"http://vwf.example.com/node.vwf","properties":{"transform":[1,0,0,0,0,1,0,0,-9.99999997475243e-7,0,1,0,3,0,-0.75,1],"worldTransform":[-0.56986391544342,0.820517539978027,-0.00266519002616405,0,-0.813849985599518,-0.565640151500702,-0.125301375985146,0,-0.104423366487026,-0.0693057850003242,0.991107165813446,0,126.368728637695,24.0135307312012,19.7486743927002,1]},"random":{"c":1,"s0":0.200689877849072,"s1":0.995088794501498,"s2":0.285323760937899},"sequence":0,"name":"N42b7e809"},"N46ff63f5":{"extends":"http://vwf.example.com/node.vwf","properties":{"transform":[1,0,9.99999997475243e-7,0,0,1,0,0,0,0,1,0,1,0,-0.2499990016222,1]},"random":{"c":1,"s0":0.263318713754416,"s1":0.419721243204549,"s2":0.793828546768054},"sequence":0,"name":"N46ff63f5"},"N4c7ae08":{"extends":"http://vwf.example.com/node.vwf","properties":{"transform":[-9.99999997475243e-7,1,-9.99999997475243e-7,0,-1.00000095367432,-9.99999997475243e-7,-9.99999997475243e-7,0,-9.99999997475243e-7,0,1,0,0.5,0,-0.5,1]},"random":{"c":1,"s0":0.602500276872888,"s1":0.623635254567489,"s2":0.217987551819533},"sequence":0,"name":"N4c7ae08"},"N4ce8004":{"extends":"http://vwf.example.com/node.vwf","properties":{"transform":[0.0861850008368492,-0.0225579999387264,0.99602198600769,0,0.00100199994631112,-0.999741971492767,-0.0227300003170967,0,0.99627697467804,0.00295699993148446,-0.0861409977078438,0,1,0,1.5,1],"worldTransform":[0.106864504516125,0.0100053697824478,0.993215680122375,0,-0.522942841053009,-0.848724007606506,0.0648145079612732,0,0.844458281993866,-0.526847898960114,-0.0855526328086853,0,23.4183788299561,60.8370819091797,21.9931793212891,1]},"random":{"c":1,"s0":0.733190218918025,"s1":0.84592141630128,"s2":0.254660702077672},"sequence":0,"name":"N4ce8004"},"N64f56a33":{"extends":"http://vwf.example.com/node.vwf","properties":{"transform":[1,0,9.99999997475243e-7,0,0,1,0,0,0,0,1,0,1,0,-0.2499990016222,1]},"random":{"c":1,"s0":0.761127033038065,"s1":0.68339375522919,"s2":0.0806742860004306},"sequence":0,"name":"N64f56a33"},"N69af6b77":{"extends":"http://vwf.example.com/node.vwf","properties":{"transform":[1,0,0,0,0,1,0,0,-9.99999997475243e-7,0,1,0,3,0,-0.75,1],"worldTransform":[0.907533347606659,-0.417319148778915,0.0151299014687538,0,0.416099190711975,0.906751573085785,0.0516140051186085,0,-0.0352947749197483,-0.0405860580503941,0.997551023960114,0,-3.25092959403992,44.5284805297852,19.7972259521484,1]},"random":{"c":1,"s0":0.907390597974882,"s1":0.377685881452635,"s2":0.489691085647792},"sequence":0,"name":"N69af6b77"},"N7a5cf77b":{"extends":"http://vwf.example.com/node.vwf","properties":{"transform":[0.0861850008368492,-0.0225579999387264,0.99602198600769,0,0.00100199994631112,-0.999741971492767,-0.0227300003170967,0,0.99627697467804,0.00295699993148446,-0.0861409977078438,0,1,0,1.5,1]},"random":{"c":1,"s0":0.839950734516606,"s1":0.360055404016748,"s2":0.328113712836057},"sequence":0,"name":"N7a5cf77b"},"N7c7ad9e9":{"extends":"http://vwf.example.com/node.vwf","properties":{"transform":[1,0,0,0,0,1,0,0,-9.99999997475243e-7,0,1,0,3,0,-0.75,1],"worldTransform":[0.907533347606659,-0.417319148778915,0.0151299014687538,0,0.416099190711975,0.906751573085785,0.0516140051186085,0,-0.0352947749197483,-0.0405860580503941,0.997551023960114,0,-12.2509298324585,28.7784824371338,19.7972259521484,1]},"random":{"c":1,"s0":0.679187024943531,"s1":0.875150779262185,"s2":0.0589033314026892},"sequence":0,"name":"N7c7ad9e9"},"N965c62f":{"extends":"http://vwf.example.com/node.vwf","properties":{"transform":[-9.99999997475243e-7,1,-9.99999997475243e-7,0,-1.00000095367432,-9.99999997475243e-7,-9.99999997475243e-7,0,-9.99999997475243e-7,0,1,0,0.5,0,-0.5,1]},"random":{"c":1,"s0":0.586387390270829,"s1":0.982248353073373,"s2":0.862705804407597},"sequence":0,"name":"N965c62f"},"Na34f56a":{"extends":"http://vwf.example.com/node.vwf","properties":{"transform":[0.0861850008368492,-0.0225579999387264,0.99602198600769,0,0.00100199994631112,-0.999741971492767,-0.0227300003170967,0,0.99627697467804,0.00295699993148446,-0.0861409977078438,0,1,0,1.5,1]},"random":{"c":1,"s0":0.134912632871419,"s1":0.631205366225913,"s2":0.0549740889109671},"sequence":0,"name":"Na34f56a"},"Naf55cc30":{"extends":"http://vwf.example.com/node.vwf","properties":{"transform":[1,0,9.99999997475243e-7,0,0,1,0,0,0,0,1,0,1,0,-0.2499990016222,1]},"random":{"c":1,"s0":0.850086203310639,"s1":0.487054637866095,"s2":0.536269838456064},"sequence":0,"name":"Naf55cc30"},"Nafb0bad7":{"extends":"http://vwf.example.com/node.vwf","properties":{"transform":[0.0861850008368492,-0.0225579999387264,0.99602198600769,0,0.00100199994631112,-0.999741971492767,-0.0227300003170967,0,0.99627697467804,0.00295699993148446,-0.0861409977078438,0,1,0,1.5,1],"worldTransform":[0.0336759313941002,-0.0968461781740189,0.993722438812256,0,-0.414280235767365,-0.906013250350952,-0.0742598623037338,0,0.908425211906433,-0.409588038921356,-0.0707038417458534,0,-14.1454076766968,29.521800994873,22.0114555358887,1]},"random":{"c":1,"s0":0.603326217504218,"s1":0.483435918344185,"s2":0.727979785297066},"sequence":0,"name":"Nafb0bad7"},"Ncdce6b5":{"extends":"http://vwf.example.com/node.vwf","properties":{"transform":[-9.99999997475243e-7,1,-9.99999997475243e-7,0,-1.00000095367432,-9.99999997475243e-7,-9.99999997475243e-7,0,-9.99999997475243e-7,0,1,0,0.5,0,-0.5,1]},"random":{"c":1,"s0":0.708000695565715,"s1":0.278099089860916,"s2":0.237379764905199},"sequence":0,"name":"Ncdce6b5"},"Nd435ca56":{"extends":"http://vwf.example.com/node.vwf","properties":{"transform":[0.0861850008368492,-0.0225579999387264,0.99602198600769,0,0.00100199994631112,-0.999741971492767,-0.0227300003170967,0,0.99627697467804,0.00295699993148446,-0.0861409977078438,0,1,0,1.5,1],"worldTransform":[0.0336759313941002,-0.0968461781740189,0.993722438812256,0,-0.414280235767365,-0.906013250350952,-0.0742598623037338,0,0.908425211906433,-0.409588038921356,-0.0707038417458534,0,-5.14540767669678,45.271800994873,22.0114555358887,1]},"random":{"c":1,"s0":0.837517539039254,"s1":0.288367318687961,"s2":0.980435662670061},"sequence":0,"name":"Nd435ca56"},"Ndc8be764":{"extends":"http://vwf.example.com/node.vwf","properties":{"transform":[-9.99999997475243e-7,1,-9.99999997475243e-7,0,-1.00000095367432,-9.99999997475243e-7,-9.99999997475243e-7,0,-9.99999997475243e-7,0,1,0,0.5,0,-0.5,1]},"random":{"c":1,"s0":0.64467746950686,"s1":0.63237816770561,"s2":0.40734236757271},"sequence":0,"name":"Ndc8be764"},"Ne2827b8":{"extends":"http://vwf.example.com/node.vwf","properties":{"transform":[-9.99999997475243e-7,1,-9.99999997475243e-7,0,-1.00000095367432,-9.99999997475243e-7,-9.99999997475243e-7,0,-9.99999997475243e-7,0,1,0,0.5,0,-0.5,1]},"random":{"c":1,"s0":0.143061302602291,"s1":0.281119043705985,"s2":0.810572745744139},"sequence":0,"name":"Ne2827b8"},"Nf8c09260":{"extends":"http://vwf.example.com/node.vwf","properties":{"transform":[1,0,9.99999997475243e-7,0,0,1,0,0,0,0,1,0,1,0,-0.2499990016222,1]},"random":{"c":1,"s0":0.180647411383688,"s1":0.15886071161367,"s2":0.554779215250164},"sequence":0,"name":"Nf8c09260"}},"continues":"/sas/assets/f997b70e","properties":{"DisplayName":"Object7","___physics_angular_velocity":[-0.0117791566136347,-0.118751233606531,0.0000605524842555405],"___physics_linear_velocity":[-0.0109974034924646,1.2011750112615,-0.00402895465894212],"___physics_velocity_angular":[-0.023126179352402687,0.054317012429237366,-0.001513756811618805],"___physics_velocity_linear":[-2.0971968173980713,5.783531188964844,-0.0004477206675801426],"counter":22810,"currentState":{"name":"fire_rocket","properties":{},"transitionFunction":"fire_rocketTransition","transitions":["approaching","fire_rocket","moving_away","idle","colliding","defeated"],"updateFunction":"fire_rocketUpdate"},"facLeaderMovementCandidate":[[73.3749776184559,204.862954735756,19.3050428386778]],"facPeerMovementCandidate":[[72.4974594116211,161.419464111328,20.6694812774658],"-sas-assets-f997b70e-Nb40e3a80",[0.637965023517609,0.768752753734589,-0.00456913840025663]],"missileDef":{"continues":"/sas/assets/73e8a4a3","properties":{"fired":true,"transform":[-0.167361155152321,0.134911715984344,0.975595533847809,0,-0.430305033922195,0.880118906497955,-0.195527493953705,0,-0.885904133319855,-0.452980160713196,-0.0893346890807152,0,-81.9653244018555,-12.5582981109619,22.1051464080811,1]}},"rockets":4,"smokeDef":{"continues":"/sas/assets/aeb3d1dd","properties":{"targetEntity":"-sas-assets-73e8a4a3-N9c1d2952","transform":[1,0,0,0,0,1,0,0,0,0,1,0,0,0,0,1]}},"transform":[0.8500033020973206,-0.5248762965202332,0.00043204185203649104,0,0.5228933691978455,0.8467200398445129,-0.08745672553777695,0,0.045583732426166534,0.07463905960321426,0.9951643943786621,0,56.75,23.75,20.5,1],"worldTransform":[0.8500033020973206,-0.5248762965202332,0.00043204185203649104,0,0.5228933691978455,0.8467200398445129,-0.08745672553777695,0,0.045583732426166534,0.07463905960321426,0.9951643943786621,0,56.75,23.75,20.5,1]},"name":"N1a4cc21"},{"children":{"N4febacb":{"extends":"Seek.vwf","properties":{"DisplayName":"seek1","Offset":[8,0,2],"Target":"-sas-assets-f997b70e-N3338608b","owner":"ADLteam","strength":0.3,"type":"behavior"},"random":{"c":1,"s0":0.127052,"s1":0.514706,"s2":0.823928},"sequence":0,"name":"N4febacb"}},"extends":"SandboxCamera.vwf","methods":{"tick":{"body":"         var node = this.Scene.findNodeByID(this.objectToLookAt);\n    var pos = [0, 0, 0];\n    if (node)\n        pos = node.transformAPI.localToGlobal([0, 0, 0]);\n    var offset = this.offset;\n    offset = MATH.scaleVec3(offset, this.zoom);\n\n    this.transformAPI.lookat(pos, '', '-Y', 'Z');         ","parameters":[]}},"properties":{"DisplayName":"LookatCamera","EditorData":{"Target":{"displayname":"Target","property":"objectToLookAt","type":"nodeid"}},"___sourceAssetTimestamp":"Thu Oct 01 2015 11:41:23 GMT-0400 (Eastern Daylight Time)","last_x":0,"last_y":0,"mousedown":0,"objectToLookAt":"-sas-assets-f997b70e-N3338608b","offset":[1,0,0],"owner":"ADLteam","quaternion":[-0.168121,0.013128,-0.076735,0.982687],"rotation":[-0.907434,0.070859,-0.414178,21.353824],"scale":[1,0.998998,0.999],"sourceAssetId":"48168dbd","transform":[-0.8957065343856812,0.44464632868766785,0,0,-0.44393467903137207,-0.8942729830741882,-0.03470010682940483,0,-0.015429168939590454,-0.031080899760127068,0.998393177986145,0,288.7350158691406,581.6349487304688,22.56894302368164,1],"translation":[-4.978086,-9.806168,1.459538],"worldTransform":[-0.8957065343856812,0.44464632868766785,0,0,-0.44393467903137207,-0.8942729830741882,-0.03470010682940483,0,-0.015429168939590454,-0.031080899760127068,0.998393177986145,0,288.7350158691406,581.6349487304688,22.56894302368164,1],"zoom":1},"random":{"c":1,"s0":0.762165,"s1":0.779216,"s2":0.235236},"sequence":0,"source":"vwf/model/threejs/camera.js","type":"subDriver/threejs","name":"N23797a52"},{"children":{"-sas-assets-f997b70e-N4e93ff33N83e3ec00":{"properties":{"transform":[1,0,9.999999974752427e-7,0,0,1,0,0,0,0,1,0,1,0,-0.2499990016222,1]},"name":"-sas-assets-f997b70e-N4e93ff33N83e3ec00"},"-sas-assets-f997b70e-N4e93ff33N8c4837dd":{"properties":{"transform":[0.08618500083684921,-0.022557999938726425,0.9960219860076904,0,0.0010019999463111162,-0.9997419714927673,-0.02273000031709671,0,0.9962769746780396,0.002956999931484461,-0.08614099770784378,0,1,0,1.5,1],"worldTransform":[0.10686450451612473,0.010005369782447815,0.9932156801223755,0,-0.522942841053009,-0.8487240076065063,0.0648145079612732,0,0.844458281993866,-0.5268478989601135,-0.0855526328086853,0,41.16838073730469,40.08708190917969,21.993179321289062,1]},"name":"-sas-assets-f997b70e-N4e93ff33N8c4837dd"},"-sas-assets-f997b70e-N4e93ff33N8cf5a8e2":{"properties":{"transform":[1,0,0,0,0,1,0,0,-9.999999974752427e-7,0,1,0,3,0,-0.75,1],"worldTransform":[0.8500033020973206,-0.5248762965202332,0.00043204185203649104,0,0.5228933691978455,0.8467200398445129,-0.08745672553777695,0,0.045582883059978485,0.07463958114385605,0.9951643943786621,0,42.76582336425781,38.86939239501953,19.75492286682129,1]},"name":"-sas-assets-f997b70e-N4e93ff33N8cf5a8e2"},"-sas-assets-f997b70e-N4e93ff33N958e2662":{"properties":{"transform":[-9.999999974752427e-7,1,-9.999999974752427e-7,0,-1.0000009536743164,-9.999999974752427e-7,-9.999999974752427e-7,0,-9.999999974752427e-7,0,1,0,0.5,0,-0.5,1]},"name":"-sas-assets-f997b70e-N4e93ff33N958e2662"},"N10bcc492":{"extends":"http://vwf.example.com/node.vwf","properties":{"transform":[1,0,0,0,0,1,0,0,-9.99999997475243e-7,0,1,0,3,0,-0.75,1],"worldTransform":[-0.56986391544342,0.820517539978027,-0.00266519002616405,0,-0.813849985599518,-0.565640151500702,-0.125301375985146,0,-0.104423366487026,-0.0693057850003242,0.991107165813446,0,126.368728637695,24.0135307312012,19.7486743927002,1]},"random":{"c":1,"s0":0.200689877849072,"s1":0.995088794501498,"s2":0.285323760937899},"sequence":0,"name":"N10bcc492"},"N1b1744b":{"extends":"http://vwf.example.com/node.vwf","properties":{"transform":[-9.99999997475243e-7,1,-9.99999997475243e-7,0,-1.00000095367432,-9.99999997475243e-7,-9.99999997475243e-7,0,-9.99999997475243e-7,0,1,0,0.5,0,-0.5,1]},"random":{"c":1,"s0":0.586387390270829,"s1":0.982248353073373,"s2":0.862705804407597},"sequence":0,"name":"N1b1744b"},"N1fb3bcb3":{"extends":"http://vwf.example.com/node.vwf","properties":{"transform":[0.0861850008368492,-0.0225579999387264,0.99602198600769,0,0.00100199994631112,-0.999741971492767,-0.0227300003170967,0,0.99627697467804,0.00295699993148446,-0.0861409977078438,0,1,0,1.5,1],"worldTransform":[0.0336759313941002,-0.0968461781740189,0.993722438812256,0,-0.414280235767365,-0.906013250350952,-0.0742598623037338,0,0.908425211906433,-0.409588038921356,-0.0707038417458534,0,-14.1454076766968,29.521800994873,22.0114555358887,1]},"random":{"c":1,"s0":0.603326217504218,"s1":0.483435918344185,"s2":0.727979785297066},"sequence":0,"name":"N1fb3bcb3"},"N2fa34dbe":{"extends":"http://vwf.example.com/node.vwf","properties":{"transform":[0.0861850008368492,-0.0225579999387264,0.99602198600769,0,0.00100199994631112,-0.999741971492767,-0.0227300003170967,0,0.99627697467804,0.00295699993148446,-0.0861409977078438,0,1,0,1.5,1]},"random":{"c":1,"s0":0.839950734516606,"s1":0.360055404016748,"s2":0.328113712836057},"sequence":0,"name":"N2fa34dbe"},"N3bc871ea":{"extends":"http://vwf.example.com/node.vwf","properties":{"transform":[-9.99999997475243e-7,1,-9.99999997475243e-7,0,-1.00000095367432,-9.99999997475243e-7,-9.99999997475243e-7,0,-9.99999997475243e-7,0,1,0,0.5,0,-0.5,1]},"random":{"c":1,"s0":0.143061302602291,"s1":0.281119043705985,"s2":0.810572745744139},"sequence":0,"name":"N3bc871ea"},"N44db9f27":{"extends":"http://vwf.example.com/node.vwf","properties":{"transform":[1,0,9.99999997475243e-7,0,0,1,0,0,0,0,1,0,1,0,-0.2499990016222,1]},"random":{"c":1,"s0":0.850086203310639,"s1":0.487054637866095,"s2":0.536269838456064},"sequence":0,"name":"N44db9f27"},"N57204158":{"extends":"http://vwf.example.com/node.vwf","properties":{"transform":[-9.99999997475243e-7,1,-9.99999997475243e-7,0,-1.00000095367432,-9.99999997475243e-7,-9.99999997475243e-7,0,-9.99999997475243e-7,0,1,0,0.5,0,-0.5,1]},"random":{"c":1,"s0":0.64467746950686,"s1":0.63237816770561,"s2":0.40734236757271},"sequence":0,"name":"N57204158"},"N61ae8df2":{"extends":"http://vwf.example.com/node.vwf","properties":{"transform":[0.0861850008368492,-0.0225579999387264,0.99602198600769,0,0.00100199994631112,-0.999741971492767,-0.0227300003170967,0,0.99627697467804,0.00295699993148446,-0.0861409977078438,0,1,0,1.5,1]},"random":{"c":1,"s0":0.134912632871419,"s1":0.631205366225913,"s2":0.0549740889109671},"sequence":0,"name":"N61ae8df2"},"N67562108":{"extends":"http://vwf.example.com/node.vwf","properties":{"transform":[1,0,9.99999997475243e-7,0,0,1,0,0,0,0,1,0,1,0,-0.2499990016222,1]},"random":{"c":1,"s0":0.263318713754416,"s1":0.419721243204549,"s2":0.793828546768054},"sequence":0,"name":"N67562108"},"N68bf5175":{"extends":"http://vwf.example.com/node.vwf","properties":{"transform":[1,0,0,0,0,1,0,0,-9.99999997475243e-7,0,1,0,3,0,-0.75,1],"worldTransform":[0.907533347606659,-0.417319148778915,0.0151299014687538,0,0.416099190711975,0.906751573085785,0.0516140051186085,0,-0.0352947749197483,-0.0405860580503941,0.997551023960114,0,-12.2509298324585,28.7784824371338,19.7972259521484,1]},"random":{"c":1,"s0":0.679187024943531,"s1":0.875150779262185,"s2":0.0589033314026892},"sequence":0,"name":"N68bf5175"},"N7ba699a":{"extends":"http://vwf.example.com/node.vwf","properties":{"transform":[-9.999999974752427e-7,1,-9.999999974752427e-7,0,-1.0000009536743164,-9.999999974752427e-7,-9.999999974752427e-7,0,-9.999999974752427e-7,0,1,0,0.5,0,-0.5,1]},"random":{"c":1,"s0":0.341524659888819,"s1":0.428859720006585,"s2":0.142555011436343},"sequence":0,"name":"N7ba699a"},"N7dded27a":{"extends":"http://vwf.example.com/node.vwf","properties":{"transform":[-9.99999997475243e-7,1,-9.99999997475243e-7,0,-1.00000095367432,-9.99999997475243e-7,-9.99999997475243e-7,0,-9.99999997475243e-7,0,1,0,0.5,0,-0.5,1]},"random":{"c":1,"s0":0.602500276872888,"s1":0.623635254567489,"s2":0.217987551819533},"sequence":0,"name":"N7dded27a"},"N7e4c29b5":{"extends":"http://vwf.example.com/node.vwf","properties":{"transform":[1,0,9.99999997475243e-7,0,0,1,0,0,0,0,1,0,1,0,-0.2499990016222,1]},"random":{"c":1,"s0":0.422185620060191,"s1":0.318802046356723,"s2":0.0734265905339271},"sequence":0,"name":"N7e4c29b5"},"N83e13ff4":{"extends":"http://vwf.example.com/node.vwf","properties":{"transform":[0.0861850008368492,-0.0225579999387264,0.99602198600769,0,0.00100199994631112,-0.999741971492767,-0.0227300003170967,0,0.99627697467804,0.00295699993148446,-0.0861409977078438,0,1,0,1.5,1],"worldTransform":[0.0336759313941002,-0.0968461781740189,0.993722438812256,0,-0.414280235767365,-0.906013250350952,-0.0742598623037338,0,0.908425211906433,-0.409588038921356,-0.0707038417458534,0,-5.14540767669678,45.271800994873,22.0114555358887,1]},"random":{"c":1,"s0":0.837517539039254,"s1":0.288367318687961,"s2":0.980435662670061},"sequence":0,"name":"N83e13ff4"},"N8c85ca9f":{"extends":"http://vwf.example.com/node.vwf","properties":{"transform":[1,0,0,0,0,1,0,0,-9.99999997475243e-7,0,1,0,3,0,-0.75,1],"worldTransform":[0.850003302097321,-0.524876296520233,0.000432041852036491,0,0.522893369197845,0.846720039844513,-0.0874567255377769,0,0.0455828830599785,0.074639581143856,0.995164394378662,0,25.0158214569092,59.6193923950195,19.7549228668213,1]},"random":{"c":1,"s0":0.725837171310559,"s1":0.193269049283117,"s2":0.771656773518771},"sequence":0,"name":"N8c85ca9f"},"N9083f617":{"extends":"http://vwf.example.com/node.vwf","properties":{"transform":[1,0,0,0,0,1,0,0,-9.99999997475243e-7,0,1,0,3,0,-0.75,1],"worldTransform":[0.907533347606659,-0.417319148778915,0.0151299014687538,0,0.416099190711975,0.906751573085785,0.0516140051186085,0,-0.0352947749197483,-0.0405860580503941,0.997551023960114,0,-3.25092959403992,44.5284805297852,19.7972259521484,1]},"random":{"c":1,"s0":0.907390597974882,"s1":0.377685881452635,"s2":0.489691085647792},"sequence":0,"name":"N9083f617"},"Nb0fa9f2a":{"extends":"http://vwf.example.com/node.vwf","properties":{"transform":[1,0,0,0,0,1,0,0,-9.99999997475243e-7,0,1,0,3,0,-0.75,1],"worldTransform":[-0.56986391544342,0.820517539978027,-0.00266519002616405,0,-0.813849985599518,-0.565640151500702,-0.125301375985146,0,-0.104423366487026,-0.0693057850003242,0.991107165813446,0,126.368728637695,98.2635345458984,19.7486743927002,1]},"random":{"c":1,"s0":0.644939832389355,"s1":0.65602162014693,"s2":0.589211476966739},"sequence":0,"name":"Nb0fa9f2a"},"Nceef4cfb":{"extends":"http://vwf.example.com/node.vwf","properties":{"transform":[1,0,9.999999974752427e-7,0,0,1,0,0,0,0,1,0,1,0,-0.2499990016222,1]},"random":{"c":1,"s0":0.0898938367608935,"s1":0.513609804445878,"s2":0.611146324779838},"sequence":0,"name":"Nceef4cfb"},"Ne0362ae6":{"extends":"http://vwf.example.com/node.vwf","properties":{"transform":[1,0,9.99999997475243e-7,0,0,1,0,0,0,0,1,0,1,0,-0.2499990016222,1]},"random":{"c":1,"s0":0.761127033038065,"s1":0.68339375522919,"s2":0.0806742860004306},"sequence":0,"name":"Ne0362ae6"},"Ne27d8ed":{"extends":"http://vwf.example.com/node.vwf","properties":{"transform":[1,0,0,0,0,1,0,0,-9.999999974752427e-7,0,1,0,3,0,-0.75,1],"worldTransform":[0.8500033020973206,-0.5248762965202332,0.00043204185203649104,0,0.5228933691978455,0.8467200398445129,-0.08745672553777695,0,0.045582883059978485,0.07463958114385605,0.9951643943786621,0,42.76582336425781,38.86939239501953,19.75492286682129,1]},"random":{"c":1,"s0":0.546462847152725,"s1":0.289664616575465,"s2":0.11506105423905},"sequence":0,"name":"Ne27d8ed"},"Neec85f1d":{"extends":"http://vwf.example.com/node.vwf","properties":{"transform":[0.08618500083684921,-0.022557999938726425,0.9960219860076904,0,0.0010019999463111162,-0.9997419714927673,-0.02273000031709671,0,0.9962769746780396,0.002956999931484461,-0.08614099770784378,0,1,0,1.5,1],"worldTransform":[0.10686450451612473,0.010005369782447815,0.9932156801223755,0,-0.522942841053009,-0.8487240076065063,0.0648145079612732,0,0.844458281993866,-0.5268478989601135,-0.0855526328086853,0,41.16838073730469,40.08708190917969,21.993179321289062,1]},"random":{"c":1,"s0":0.597368406830356,"s1":0.723325427854434,"s2":0.576493744505569},"sequence":0,"name":"Neec85f1d"},"Nef0c390f":{"extends":"http://vwf.example.com/node.vwf","properties":{"transform":[0.0861850008368492,-0.0225579999387264,0.99602198600769,0,0.00100199994631112,-0.999741971492767,-0.0227300003170967,0,0.99627697467804,0.00295699993148446,-0.0861409977078438,0,1,0,1.5,1],"worldTransform":[0.106864504516125,0.0100053697824478,0.993215680122375,0,-0.522942841053009,-0.848724007606506,0.0648145079612732,0,0.844458281993866,-0.526847898960114,-0.0855526328086853,0,23.4183788299561,60.8370819091797,21.9931793212891,1]},"random":{"c":1,"s0":0.733190218918025,"s1":0.84592141630128,"s2":0.254660702077672},"sequence":0,